0.0	0.00949553997018937	0.00930748639673007	-0.027703000431524925	0.027427449918033687	0.01859829402888613
0.1	0.03434975191637457	0.03198720654662468	-0.09916698861311717	0.09615793914861863	0.06392521366752268
0.2	0.0654917705888316	0.05608499152550939	-0.18563323997676123	0.17329019932205597	0.11298971079532127
0.3	0.09282940306785503	0.07067030895602033	-0.25606558806930024	0.22502378111577398	0.14610604278306083
0.4	0.10973777422061748	0.07136763971229787	-0.2918820712491058	0.23438832253341363	0.155559204974275
0.5	0.11522263733779681	0.06099790170953212	-0.2933812576051952	0.20782948377277785	0.144598734267822
0.6	0.11291442201080548	0.04671594210901853	-0.275260445833967	0.16780021797623804	0.1226579988492198
0.7	0.10796704200780216	0.03570707195075795	-0.2553862497972196	0.13745409355824736	0.10030111652654194
0.8	0.10398277477077045	0.0314538601197889	-0.24443154313001922	0.12771411430237703	0.08465243916927545
0.9	0.1016998492969472	0.03260627838169439	-0.24229623067138456	0.1341985627060454	0.07698227884819964
1.0	0.09978075941258213	0.03503443243809623	-0.2420114105154718	0.14414326207820755	0.0739588335999879
1.1	0.0966691184870716	0.035240721473720704	-0.23695864812683398	0.14698975861528094	0.07129298353339186
1.2	0.09202453611521699	0.03253642143739022	-0.22590333600204424	0.14099342654164873	0.0668612904783853
1.3	0.08685787704578363	0.028771487754060132	-0.21289524567670554	0.13220548774232646	0.06145661152263482
1.4	0.08257900533300744	0.026353849371544058	-0.20322770527669298	0.12809120913824876	0.05728676961562218
1.5	0.0798997939863475	0.026293265506238117	-0.19921564348718446	0.1314156422409931	0.055705235002605824
1.6	0.07845466193944772	0.027685937845305708	-0.19898795202928943	0.13884276877572094	0.05608012334040069
1.7	0.07730395602948159	0.02877205546340289	-0.19868947916264776	0.1444748042502966	0.05655401747584965
1.8	0.0757844576739154	0.028459744128520703	-0.19584204337685562	0.14481974598343286	0.05573949409762158
1.9	0.07399143428131127	0.027059974124856945	-0.19107883768310516	0.14112740281482453	0.0537862976448944
2.0	0.07257371114848066	0.025800605420263634	-0.18714170140494973	0.13766005612575416	0.05204709948749864
2.1	0.07210943102258727	0.0256896881419294	-0.18632584853884918	0.13781965502879026	0.05178784419164084
2.2	0.07262449210253419	0.02671470586139313	-0.18862705142281164	0.14149340591967557	0.05311386109582206
2.3	0.07362576123750897	0.027983741002713725	-0.1920002413262204	0.14560109850444455	0.05500946949898988
2.4	0.07455684283800512	0.028583145559285428	-0.19427532785889717	0.14704775773469897	0.0563415519736028
2.5	0.07524602237438227	0.02836872419796921	-0.19497464102330916	0.1454328551392471	0.056856778002391306
2.6	0.07596112913526976	0.028042119700183443	-0.1955126312807151	0.1433022466452462	0.05730993302207765
2.7	0.07704114972662113	0.028488237201757194	-0.1976863332211218	0.14386509974895925	0.05864273935527964
2.8	0.07843115308460613	0.029932055360061383	-0.20175780139522656	0.14809855055049748	0.060906694607628875
2.9	0.07952608876155509	0.03159049194818442	-0.20570841376397903	0.15350929857652626	0.06283799692340764
3.0	0.07949268410033872	0.032088742150589655	-0.20631256476869186	0.15544484373713946	0.06248747246283226
3.1	0.07788898838629643	0.030345579319230875	-0.20134376596196762	0.1499843127582425	0.05853639212015571
3.2	0.07519489109124433	0.02637439522996754	-0.19151805316094417	0.13655080919981916	0.05153784605513878
3.3	0.07291762725622786	0.02158159094679235	-0.18102102860315525	0.1188298516562829	0.04442456799050665
3.4	0.07316358848189264	0.018428239686299364	-0.17632448012779806	0.10375831109992088	0.041895339873686654
3.5	0.07780633568931494	0.019552115625310673	-0.18376156972908012	0.09919458453884808	0.048630735703241834
3.6	0.08752597969489895	0.026631599576535048	-0.2066641624009387	0.1110194906198064	0.06689006090206806
3.7	0.1010543365298825	0.03942711129891474	-0.2429205891615966	0.14026458664372748	0.09470887041057796
3.8	0.11497225596619365	0.055435611765401016	-0.283882680622598	0.18103711568308334	0.1258885965345562
3.9	0.12434532649275121	0.07034100540343635	-0.3155968388171416	0.22050233033632566	0.15184812120765356
4.0	0.12425949980336293	0.07910118997609528	-0.3228986266850777	0.24216987117608677	0.16413523990394963
4.1	0.11189772456715863	0.07745202807654927	-0.29567948196533167	0.23247584066137994	0.15655234553694097
4.2	0.0883354280112515	0.06379013347395712	-0.2349478089918565	0.188333143479016	0.1273093063023003
4.3	0.05904817302571508	0.04106598090645097	-0.1553205325289969	0.12149883613579977	0.08190063295906991
4.4	0.032497708403422365	0.01720854445364295	-0.0814410318584781	0.056053668802075456	0.034745342403516566
4.5	0.01706115112406148	0.0022984073644198855	-0.03867944619675432	0.018585747901817908	0.005043349878774417
4.6	0.01756301140255967	0.0030159265860052464	-0.04196861656780389	0.025249723632454483	0.0060067023470112835
4.7	0.033126175582974926	0.018218380936496192	-0.08851364819761591	0.07273655973130944	0.035465148664452384
4.8	0.057571098790876074	0.03951267639573919	-0.15876238524796157	0.1389521406769802	0.07739048207996668
4.9	0.08230345465917899	0.05645116408961626	-0.2257473320496515	0.19398042476159172	0.11295921016967947
5.0	0.1002444704541916	0.062237035635187454	-0.2680613058315549	0.21564769844529866	0.13072975468859171
5.1	0.10872813134175086	0.05650390271608996	-0.2793827455418006	0.20079026846277193	0.1296335329815509
5.2	0.10986084445602518	0.044625738151436556	-0.26931745782737504	0.16555192660033333	0.11660001489034744
5.3	0.10831658930946364	0.03444022621385001	-0.25543939605896915	0.1346023709271084	0.10199825099005044
5.4	0.10803313843784901	0.031724081701495765	-0.25166446377679885	0.12599302715563712	0.09411001429056487
5.5	0.1098515784303653	0.036826095864166186	-0.2601565422608907	0.14103755894584205	0.09473820463020255
5.6	0.1114437566898463	0.044858388832818896	-0.2714681711071931	0.16524034749098962	0.0990566190608615
5.7	0.10936520111442627	0.0493131009045128	-0.2722243520100761	0.1791142178156656	0.09975086473150208
5.8	0.10173347477712813	0.04634552050639751	-0.25488365153283016	0.17143228839207997	0.09202712527672063
5.9	0.08972421055736413	0.03694900056956263	-0.22306001590359378	0.14619621546636458	0.07650641116226908
6.0	0.07695803167045745	0.026014034505267847	-0.1891415137915681	0.11911151084552371	0.05894092062509515
6.1	0.06729511364788987	0.019012583754940526	-0.16620123726354807	0.10648834646282197	0.04667643029773083
6.2	0.06258067376032028	0.01842754533459412	-0.15988492162484202	0.11438417513684489	0.04361290020373709
6.3	0.0618291195460966	0.022422879313561128	-0.16566911916781552	0.13524460640252728	0.04754585497450525
6.4	0.062286891965911306	0.0266223611803188	-0.17297241867736365	0.15385506146256825	0.052260223122270966
6.5	0.06153056980388394	0.027405989225060434	-0.17290651110517785	0.15801964851873254	0.052367531835391445
6.6	0.05912047290792488	0.0242561143072213	-0.16419142206582696	0.14642405203041675	0.046963099539872544
6.7	0.056738261794063716	0.019778836186240656	-0.15337903655614799	0.12853583292974166	0.03989258570002385
6.8	0.056848330890159504	0.01764341050147944	-0.14969915243214024	0.11722097344148842	0.03682194493426649
6.9	0.06092559388661767	0.019922745290521182	-0.1585173169356474	0.11976530767895376	0.041165665352500325
7.0	0.06849492080735375	0.02574556619673407	-0.17803462082365287	0.13369444747510525	0.051889957350257365
7.1	0.07754148820047257	0.032210840056947854	-0.20116773177430206	0.14988506977936425	0.06478463878566876
7.2	0.08582718913656195	0.0366807502712686	-0.22068433965919157	0.16000406595964836	0.07569527859927516
7.3	0.09205116402308156	0.0385380169317886	-0.23346502924510762	0.1623099332197545	0.08282396321095953
7.4	0.09603819806207481	0.03910671030390456	-0.24080585154794534	0.1614711659926547	0.08662719595916424
7.5	0.09799475149037673	0.0399486466364789	-0.24501825562920934	0.16291740518345924	0.08795730437035176
7.6	0.09765456825115326	0.04100778359512236	-0.24561192000498228	0.16661441234860205	0.08626787591080631
7.7	0.09422370826598336	0.040238858617889894	-0.23870320859605682	0.16569675825363508	0.07957187355608997
7.8	0.08734917525256991	0.03523170735609038	-0.2206715353107531	0.15165558500211618	0.06647969696958367
7.9	0.07839817921175307	0.025770814235097528	-0.19346058552815165	0.12253797278219264	0.049013516426683945
8.0	0.07088486796829374	0.0154046230018825	-0.16708839508889017	0.08782215067221216	0.03404240228823108
8.1	0.06931888697993505	0.01043085281585765	-0.15642142728564173	0.06549257559225173	0.03129615701490729
8.2	0.07682632097188125	0.01628727920539863	-0.17318827167230005	0.07217127532149875	0.047743623544244995
8.3	0.09287000025701486	0.03360678668154793	-0.2178425207968741	0.11223380522718202	0.08192322731892931
8.4	0.1125637194211031	0.05707117211777457	-0.2766050482197451	0.17302396534536363	0.1234670947911033
8.5	0.12826005050463551	0.07805255800885735	-0.32621264426221724	0.22972078561830872	0.1584942405973554
8.6	0.13278271400772146	0.08881334539154173	-0.3443084711998258	0.25742213754115345	0.17578597101419902
8.7	0.12269073922550733	0.08547512921667844	-0.3200048398933755	0.2436053570055292	0.16967936370395564
8.8	0.09991000830030494	0.06903928302739692	-0.25904029003213774	0.19405587872687205	0.14078929003525542
8.9	0.07095181780163307	0.045025702037185034	-0.18106381556565068	0.1294143141322577	0.09672656656365908
9.0	0.04419692847196288	0.021681821803868462	-0.11085088340071494	0.07486200222488397	0.05136919740591406
9.1	0.026625514351417356	0.006639500383462282	-0.06812924072232372	0.048803352665718926	0.019857576448060077
9.2	0.02147792045090746	0.0034474479886468234	-0.06076460718226835	0.056072663370842345	0.010918947869252071
9.3	0.027702315165323066	0.010295552957483967	-0.08374477675119327	0.08801895444274588	0.022599497694292037
9.4	0.0411318942364739	0.021742839856582763	-0.12339542686582636	0.12817074952832255	0.04496350107246594
9.5	0.05662428835106881	0.03195825390262785	-0.16417364582106608	0.16005330964468087	0.06678912782153734
9.6	0.07015419444546267	0.037336589873305015	-0.19492140975302175	0.1737065805426409	0.0809437965336286
9.7	0.08004683031696658	0.03747657933643134	-0.21228309932582135	0.16874018827960993	0.08611405771381253
9.8	0.0869896129127199	0.034710736695787836	-0.22037945392483205	0.153304205587415	0.08570101956850962
9.9	0.09296382702443406	0.03266568689584293	-0.22721352298102282	0.1395966430509762	0.08517527205170061
10.0	0.09966436026363412	0.034298550027262675	-0.23949187692678006	0.1376407694201975	0.08880189112560932
10.1	0.10719870528490649	0.04015285637511912	-0.25827829199718605	0.14994146843374898	0.09706099480680419
10.2	0.11376313051893439	0.04783574356502318	-0.2777800005064572	0.16978295257212855	0.1063279651628396
10.3	0.11653927117978757	0.053201109835438354	-0.2882439290904331	0.18462793840978262	0.11106709950082705
10.4	0.11338400930036807	0.052662099979438604	-0.2817233545134728	0.18339741173645793	0.10703316078989467
10.5	0.10434937900582852	0.045375647934322805	-0.2575002032612653	0.16369820579924088	0.09372894668970566
10.6	0.0920458027480976	0.03408726713224153	-0.22365164487707975	0.13434069552194233	0.07519576970146868
10.7	0.08047702915546917	0.023919223182538474	-0.19325226725647104	0.11085095428571531	0.05854229132025546
10.8	0.0729283807590404	0.019417024478993405	-0.1770718790511509	0.10611041972647324	0.05012414686659972
10.9	0.07017748515061795	0.02161452736364422	-0.17720861333026883	0.12188805710261784	0.05134925797775092
11.0	0.07020255395815256	0.027343072052089634	-0.18592272364140583	0.14706689994924738	0.057568553326634464
11.1	0.06965990939690081	0.03142216990872182	-0.19078559988743637	0.16429109867825234	0.061305352542480596
11.2	0.0662402846200022	0.03012686775497031	-0.183054259859426	0.1610743255849353	0.057317351153285845
11.3	0.06038066508579287	0.023627726861072285	-0.1638208821811013	0.13808638831521552	0.04609735111132285
11.4	0.05518355933874708	0.01599418319712176	-0.14377343469200715	0.10894969240722639	0.0339860792431238
11.5	0.05456336206553747	0.012689957316427747	-0.1366269901864778	0.09157909719237045	0.029575940998714967
11.6	0.060813681472146164	0.016969879775765695	-0.15054796933065343	0.09690177157284548	0.03810548244726231
11.7	0.07315300614195952	0.02769212837054602	-0.18318930534214925	0.12255275833318922	0.057900282197873465
11.8	0.08810809988818447	0.04025734892099786	-0.22335082082162377	0.15550453596681618	0.08185297726958685
11.9	0.10134326657586434	0.04980076012408807	-0.257657087346902	0.18118618125411914	0.10220426357224732
12.0	0.10964132268479576	0.05399746473307365	-0.27737760784112764	0.19220200744746538	0.11430309786814896
12.1	0.11181698210915636	0.053555455157333065	-0.28094567628416117	0.19056539589338792	0.11718498814019962
12.2	0.10828252389051607	0.050503227860960176	-0.2713785373109087	0.18267323790774384	0.1118858125859501
12.3	0.10002801576137144	0.04595371648220947	-0.2517814968048095	0.17197590236200974	0.09949595663268795
12.4	0.08810518089287234	0.03928513167494052	-0.2233061193811048	0.1559332772067148	0.08062677649270944
12.5	0.07407502348331507	0.029512797408335123	-0.18742193286496447	0.1300924007770056	0.0568745411925482
12.6	0.060830781499446096	0.017757286559209162	-0.15019585952886402	0.09589974351077736	0.033174339745375536
12.7	0.05263478829732293	0.00851365713233565	-0.12389285951870838	0.06514389319470586	0.018459470970360714
12.8	0.053657214335663506	0.007940044192735973	-0.12275578051307075	0.055879834503491314	0.02222232777732147
12.9	0.06551455951450158	0.019680415718314914	-0.1543743528209898	0.081135557319675	0.047846734129254664
13.0	0.08536395723162915	0.041354666772662974	-0.21221314671118868	0.13785984154656142	0.08821039504785133
13.1	0.1061315027219516	0.064908459790056	-0.2752473302931384	0.2045822002932734	0.12852818968679025
13.2	0.11927175473315799	0.08070304347399593	-0.3165670875904746	0.2509683439852842	0.1540915984708785
13.3	0.11880062513144574	0.08219982715385299	-0.31682330781971524	0.25432341771306466	0.15621827147413658
13.4	0.10435488959888961	0.06871014071580261	-0.27469453407674915	0.21288453101532745	0.13418810663382497
13.5	0.0814472092638906	0.04576240600976034	-0.2078923626714593	0.14729918840768488	0.09556663335117832
13.6	0.05870041836535722	0.02292567182489913	-0.14387292185246284	0.08907882621310662	0.05487826079620428
13.7	0.04363271940798774	0.00910171048304842	-0.10570937893186393	0.06310618949551369	0.027651971614847337
13.8	0.03937384257584742	0.007616999249971279	-0.10137260364791784	0.0748689569550947	0.021503624827806878
13.9	0.044029097487970015	0.014894771263308293	-0.12223679930168303	0.10973018599426049	0.03208191803077831
14.0	0.05274753801799048	0.023769379677407887	-0.15074870293622475	0.14372199558698356	0.047955063008812915
14.1	0.06098418380511639	0.028490474828939072	-0.17179005302051617	0.15837472349450826	0.05925204777307613
14.2	0.06693071477157453	0.027800320127803646	-0.18068501782517193	0.1503805139538529	0.06293854487552508
14.3	0.07184024049656113	0.024761852503824122	-0.18366033828783576	0.13103900084879444	0.06268525081636578
14.4	0.07838986451865337	0.024121085966690603	-0.19161894630331688	0.11721647722330034	0.06504548093493645
14.5	0.08836512623250858	0.02896443076875188	-0.21193440076140466	0.12037902611471436	0.07454674644958625
14.6	0.10116235899247594	0.03870785470531235	-0.24343914129882202	0.14040905930383862	0.09060475035496429
14.7	0.11390189571599252	0.04960818652402654	-0.27709880055341224	0.16700875784635374	0.10810492621848955
14.8	0.12289539184535347	0.05714590795559005	-0.30118424425529	0.18662249562528122	0.12065123075091522
14.9	0.12548756332322653	0.058448868303436985	-0.3074303132582107	0.1900891608968726	0.12382215650235562
15.0	0.12124626866996302	0.053413770673023775	-0.2947690837840947	0.17681755887462255	0.11682811288415951
15.1	0.11198580727535257	0.0443992425268952	-0.2691510206081648	0.15406268228637082	0.1025652639278819
15.2	0.1007727714743748	0.03499900499485031	-0.24018343860223582	0.13264343859549058	0.08637272588572442
15.3	0.09050642011635801	0.02846770709131541	-0.21661140682808674	0.12172776046268244	0.07372168481644414
15.4	0.08274495479667177	0.02636881243493583	-0.20271877199934918	0.12497686029549833	0.06764329879201747
15.5	0.07724426222774361	0.027997630423811537	-0.19697264798336242	0.13924935147250897	0.06731103009608896
15.6	0.07234955098047002	0.030839715229994513	-0.19326379422608697	0.15605177876425108	0.06867942763986801
15.7	0.06605427112017948	0.03182879207716682	-0.18420793717239012	0.16519201854525062	0.0667406684666575
15.8	0.05728037537803521	0.028845603448424795	-0.16522887330186256	0.1594286918088756	0.058171271083340303
15.9	0.046805042409935105	0.021894531762996827	-0.13767559484677175	0.1382998656004155	0.043362249901010896
16.0	0.03734230952359108	0.013482430355698294	-0.10934913648098477	0.1091996485369993	0.027136006796024348
16.1	0.03262066279447451	0.007807798431131108	-0.09178240626202652	0.08468581408755747	0.017355789847484204
16.2	0.03578169893919414	0.008788277441521664	-0.09520048394174829	0.0768577653076176	0.02119185906563026
16.3	0.047820673331078756	0.017833746026150177	-0.12348241085513581	0.09147012904959984	0.04077983131544716
16.4	0.06684234338373496	0.03283725120543601	-0.17170579323702992	0.12493632319050801	0.07148037503259086
16.5	0.08853340963307788	0.04918651644287497	-0.22763370324035873	0.16593783875995982	0.10428243184266528
16.6	0.10763873646425792	0.06205979047850607	-0.27639329254936995	0.20070142275662597	0.13027435721019098
16.7	0.11973495711111759	0.06838961436037116	-0.3059225167294196	0.2188873472420493	0.14377729832284158
16.8	0.12251895322477013	0.06744559652023663	-0.31057976675973786	0.2169021106782503	0.14284937654569096
16.9	0.11619168926907164	0.0602227193298015	-0.29169513906151184	0.19740821061919506	0.12836140634366455
17.0	0.10304698310240279	0.04853753978199893	-0.2557600884784274	0.16640646446940904	0.1032481500991691
17.1	0.08669934753287878	0.03458603704457419	-0.21202125672552966	0.13056640354881235	0.07244276397268767
17.2	0.07132127906483754	0.021072357323951962	-0.17078819066560214	0.09655426218462355	0.04292430052015739
17.3	0.06094227420807474	0.011349922003289215	-0.1423495522799438	0.07177396844569185	0.022869248315850466
17.4	0.05863135790518792	0.008826840156718196	-0.13536296738451986	0.0642475251304772	0.019239010227480757
17.5	0.06549806846720985	0.015444959737213049	-0.153990285007524	0.07987739985775837	0.03438082831512623
17.6	0.07984285343516839	0.03006428855333798	-0.19467921399192162	0.11785824739392013	0.06380099557438812
17.7	0.09710277457907124	0.048100315422325846	-0.24499052238577748	0.1675719592373114	0.09732369018697484
17.8	0.11109063888822346	0.06303545991255399	-0.2866580766782767	0.21054097845820569	0.12334753450836544
17.9	0.11635088530931226	0.06906761231581382	-0.3027953221281299	0.22818586793026877	0.1333447937234863
18.0	0.1106319352884414	0.06359623197324071	-0.28610396727598153	0.2118540984087444	0.12439887007185724
18.1	0.09610832265593183	0.04864328704997989	-0.24333690685580225	0.16896795571979226	0.10004353026049506
18.2	0.07846680609499457	0.03050248492251495	-0.19267182259794352	0.12051878180888026	0.06979122407097005
18.3	0.06413740917840738	0.01698658842421763	-0.15463598320301083	0.09018702719949791	0.04585800232922743
18.4	0.05711468793360108	0.013079568031651667	-0.14139947622474472	0.0909994622037608	0.036705498559626015
18.5	0.05718914718994761	0.017912800036430365	-0.15075913905134058	0.11772806336717091	0.041705638564724534
18.6	0.06065004940361618	0.025653786007265755	-0.16863242233309417	0.15021065146648815	0.05216953290984572
18.7	0.0630310609402901	0.029682461364930246	-0.1787011611521146	0.16602755988083104	0.05804201895659633
18.8	0.06217444858139132	0.026944388156982635	-0.17321426493449743	0.15476335433045627	0.05467334172994198
18.9	0.05965464021773492	0.019831326316578135	-0.158038173516652	0.12471025119281559	0.045543437327121405
19.0	0.0596319287804048	0.014659617790825807	-0.1486120156142937	0.09749604184434624	0.03994339992414364
19.1	0.06587018828132762	0.01740943890514579	-0.1593412322604236	0.09391437899555798	0.046477367090097976
19.2	0.07887024063769843	0.029263090598756092	-0.1933209676571055	0.12009038062419775	0.06626572804949726
19.3	0.09502681489377973	0.04532133089471391	-0.23916919112004267	0.16302583786006283	0.09157537974609153
19.4	0.10842191915170085	0.05762378471593099	-0.2771827024297623	0.19851657411738874	0.11110262380528446
19.5	0.1141579678193555	0.06005728236458163	-0.2909698486339968	0.20635161673026062	0.11683469380528155
19.6	0.11113262913776634	0.0518184386603483	-0.27714755835078975	0.1829626440821838	0.10775050730992664
19.7	0.1025193762549571	0.037797023906702254	-0.2469838146676133	0.14345154024707996	0.0899057608510353
19.8	0.09369108699338058	0.025865045808933895	-0.21909936126947183	0.11192511634807047	0.07355721944519367
19.9	0.08893278358923906	0.02228133218069228	-0.20802234746022225	0.1065869255259141	0.06756599827640508
20.0	0.08899216771584606	0.027937060482309595	-0.2158074082919294	0.12911012968757057	0.07380250545587741
20.1	0.0909003557537813	0.038164185422263075	-0.23165353890133905	0.16460122880506187	0.0861120955781618
20.2	0.09002369240498387	0.0460707634550116	-0.2391996989457621	0.19139325151101103	0.09468562156900884
20.3	0.08297121372978244	0.04663334623298565	-0.22652248146462603	0.1938561664493728	0.09187405713960095
20.4	0.0696107870231173	0.03897440826827914	-0.1927349699294283	0.17025520599992433	0.07578967749566068
20.5	0.053174829378204835	0.026233110249118674	-0.14786777918096322	0.1317409391731439	0.05099734925402499
20.6	0.03867269189067657	0.013707366785398967	-0.10715352347996089	0.09457568158044842	0.02665236953589012
20.7	0.03072661923041775	0.006323478320447551	-0.08389072125711844	0.07150106840603174	0.012561795374558926
20.8	0.03200073742818188	0.006674293755649652	-0.08492276964926736	0.06743303170123806	0.014895454040556366
20.9	0.042736033756848424	0.014552000195641734	-0.1101351170859507	0.08065033027711849	0.03401477489146443
21.0	0.06112736292376253	0.027840288819129366	-0.154498608758337	0.10664258068571726	0.06526392041052531
21.1	0.0839464351310607	0.04374014359601708	-0.2101767196473014	0.14072918759537548	0.10137142832351509
21.2	0.10705237116434418	0.05943148986059432	-0.2674158051448211	0.17775740690709724	0.13474552717264243
21.3	0.1258949114720117	0.07211215684826866	-0.3149496031889879	0.21044352579940986	0.15895726761743156
21.4	0.13632636479404825	0.07898585720940332	-0.3415559573113548	0.22937218284713626	0.16947255630639035
21.5	0.13578781378015714	0.07775273997496901	-0.3394487992865686	0.22624020842550951	0.1639473981309265
21.6	0.12444439587127876	0.06766512667572278	-0.3081760903221939	0.1988389990152562	0.14262487364933985
21.7	0.1055670161259672	0.05062767604442231	-0.25645281976338113	0.15421921599456928	0.10923686514563202
21.8	0.08469211527473364	0.03139390294949718	-0.2000379283886113	0.10718303498643848	0.07168121197081367
21.9	0.06773600210988906	0.016091655470386712	-0.15603269889303614	0.07425135567011669	0.04059072975283795
22.0	0.05886624878032454	0.00945606142961064	-0.13623800415838752	0.06630484660021188	0.025012580448534827
22.1	0.05911096283080941	0.012483083833355835	-0.14287365563264245	0.08399142424463099	0.02767547825151373
22.2	0.06630152324467131	0.022181629512924905	-0.16860558663011116	0.1181839314074901	0.04374322640003425
22.3	0.0762614654855236	0.03347626603234777	-0.20047570244362192	0.1547449670329615	0.06403225114889988
22.4	0.08459588897724846	0.04174280807855246	-0.22549871666267507	0.18070693976185492	0.07982220105415427
22.5	0.08828624685350495	0.044447053806189185	-0.2353598048944271	0.18890077760966753	0.08603279733517599
22.6	0.08653284806327977	0.0414953276364638	-0.2286198117080491	0.17958674238413339	0.08198094778988163
22.7	0.08068232257345731	0.034769088218518096	-0.21017808902818638	0.15931035333855814	0.0706722668907298
22.8	0.0734031483133506	0.02728736310439961	-0.18864097630166557	0.13795334385851274	0.05737770544420795
22.9	0.06745888505605735	0.022087600321385126	-0.1726081463635514	0.12490016227554192	0.04756090642449673
23.0	0.06452375729068582	0.02094186260224329	-0.16704541910769938	0.12517738457413616	0.044447041246678975
23.1	0.06451450565103134	0.02343404954497008	-0.17111200153991354	0.13686239873026762	0.047402417346723014
23.2	0.06579864058688756	0.02707899278644721	-0.17869009954503626	0.1513976973168655	0.05238391809692611
23.3	0.06629349537406515	0.028678667741730557	-0.18192909324067666	0.15768740472087336	0.054478560933897247
23.4	0.0649601546683859	0.026328807003364485	-0.1763965906443333	0.1486934451515418	0.05114237180525716
23.5	0.06281356479613198	0.020988995474531258	-0.16489632437211638	0.12690319382934717	0.04434388924972721
23.6	0.06266760017544426	0.01650470145375116	-0.15705526941181155	0.10458624961757197	0.04015045894214342
23.7	0.06751604190086646	0.017544136290827073	-0.16399070632841922	0.097354994638209	0.045171417841006645
23.8	0.07838448105093809	0.02630109084273724	-0.1907070726270435	0.11405622693485337	0.06149186081059499
23.9	0.09304238172728974	0.040265598406823644	-0.2310900986244926	0.1493940707477015	0.08409142847999374
24.0	0.10663698223368989	0.05305369571831742	-0.26949793064614985	0.18500120318739707	0.10342721612280736
24.1	0.11416354792294181	0.05797018852766711	-0.2890140607822878	0.19963598832919044	0.11112467836431106
24.2	0.11340461742696872	0.05202923275972149	-0.2817731095220196	0.1827973722821242	0.10456524320483362
24.3	0.10645461544926882	0.038188091024758175	-0.2546863728213686	0.1428681194589775	0.08848130538474841
24.4	0.09866547960372374	0.024430575814690547	-0.2262180794991071	0.10363535930056887	0.07339127772694054
24.5	0.09544593427876524	0.019470602065039144	-0.21546072395975083	0.090404059104811	0.07034840286601518
24.6	0.0988004561817225	0.02716869962578261	-0.2300121526389737	0.11408230330781365	0.08367443846812606
24.7	0.10579896572903302	0.04375467523306964	-0.2603981553777611	0.1635156418940717	0.10733822023664652
24.8	0.11004452656620678	0.060188234724079415	-0.28490957447767956	0.21134817767570402	0.12857707899804494
24.9	0.10534514824172225	0.06756237427374068	-0.2821431867937791	0.22995861563860642	0.13515674654976573
25.0	0.08940906364139245	0.061631464315688	-0.24361797541295346	0.20747496234302656	0.12085014587916232
25.1	0.06538287415135446	0.04450909001297021	-0.178864052130809	0.153959146672437	0.08804818383096202
25.2	0.04041992622442314	0.023491730042992542	-0.1102836452687921	0.0944720026085209	0.0478968674443091
25.3	0.02227214301301128	0.007422144765431682	-0.06148600026577298	0.054236667907018705	0.016228716824563505
25.4	0.015958560299528912	0.002127569621379055	-0.046416894837798796	0.04569473208557553	0.0053883937473545584
25.5	0.022253591237613057	0.007848747855679905	-0.06524056216239035	0.06501142315640748	0.01765814303701485
25.6	0.038395110390163856	0.020420200532693222	-0.1079302387236233	0.09854935351446155	0.04589722565360366
25.7	0.06003455537956892	0.03478525090879181	-0.16158873021102158	0.13321229882184266	0.07971799557388581
25.8	0.08296146550484962	0.04778951057812397	-0.21601704482458273	0.1629497362317067	0.11097384754817541
25.9	0.10373497143061539	0.058485042515191266	-0.2645979299719735	0.18777419741122556	0.13515510368284778
26.0	0.11944481369284587	0.06653985987039823	-0.3018085676555367	0.2078815100510912	0.14992173989369695
26.1	0.12751220490816628	0.07067774479057709	-0.3212403079703354	0.21904259809249882	0.15350817898788882
26.2	0.12622839388829032	0.06870418886884444	-0.31704724875198403	0.21382929889825592	0.1445428174693555
26.3	0.11586171826019143	0.05920361351340764	-0.2882661708357529	0.18798020056676581	0.12326180122990082
26.4	0.09940213353874239	0.043596652841629724	-0.24239349707420457	0.146607716693827	0.09325872786561595
26.5	0.08201817674440315	0.026738554319674757	-0.1944811014058926	0.10457553296108052	0.06224601093009463
26.6	0.06912326634632038	0.01497173338961999	-0.16103679863392975	0.07957390897709658	0.03993029351798394
26.7	0.06398856247091156	0.01247621576742819	-0.15193871344375381	0.08198142072156446	0.03294383624588393
26.8	0.06630870411449719	0.018577177257983246	-0.16541415603280316	0.10832211534905596	0.04047314019322712
26.9	0.07264002919829182	0.028256042002603676	-0.189469182040753	0.14298473223014585	0.05481944917275816
27.0	0.07848907910837466	0.035447954646186663	-0.20905348962262238	0.1673626056154589	0.06654514034823333
27.1	0.08080364813625873	0.03659197757326571	-0.21456737441306215	0.17062528078010364	0.0698763867000246
27.2	0.07939706448461481	0.032259420107200065	-0.2065410400861165	0.15534898328755034	0.06506013821468548
27.3	0.07654829217309367	0.02629132204725726	-0.19390485044324818	0.13473211968377924	0.057260433864800286
27.4	0.07517409312153545	0.02316061130227598	-0.1873774874070068	0.12361642424277855	0.052941834881297
27.5	0.07680752341066477	0.025097166542463967	-0.19239431718735514	0.12923767178628007	0.05557830141195674
27.6	0.0806376595473528	0.03077530961073638	-0.20593390692294827	0.14734818674421774	0.06343330093669863
27.7	0.08411935576703611	0.036375521023295776	-0.21886530717128538	0.1655975261684074	0.07099551875115606
27.8	0.08467448279536383	0.038112381553581653	-0.22197314526034995	0.17152791941698511	0.0727356234884714
27.9	0.08139205401246596	0.03450230767200557	-0.21180399205546843	0.16010430223045236	0.06648305640846353
28.0	0.07571477812615401	0.027198891007561343	-0.19292703255525326	0.13651878174628815	0.0547808957502145
28.1	0.07074649522065335	0.020148731166684364	-0.17552945378872023	0.11312484435037638	0.04383541637849997
28.2	0.0696005072917335	0.017494122877852236	-0.16990798875397167	0.10264141887712101	0.0403139514584302
28.3	0.0736972120258691	0.021248959073002505	-0.18090840541500658	0.1114175163092325	0.04738264515052648
28.4	0.08190155666478782	0.030083691022757986	-0.20515130956089275	0.13607571045646957	0.06253102792049603
28.5	0.09094296323658302	0.03996328731914234	-0.23235282344365538	0.16494294514706712	0.07883468820005402
28.6	0.09693550656471706	0.04616239011318524	-0.25010476764476913	0.18347893081850347	0.08864522155129018
28.7	0.09729677910994516	0.04548731016307472	-0.24993233824379868	0.18127623932658624	0.08726236731162207
28.8	0.09215343439051105	0.03781892077399995	-0.23185194205013154	0.15756760113828686	0.0751240315912225
28.9	0.08450265786675182	0.026554691112193995	-0.2051414005893118	0.12261191368216912	0.05823363931550052
29.0	0.07892374960511273	0.017560298025999455	-0.1845516157436564	0.09383184395082386	0.04632952741364571
29.1	0.07931860834577031	0.016510109032000786	-0.18326172722400405	0.08786016090065803	0.048340048201858665
29.2	0.08671017990944507	0.025672418024638155	-0.20569937834893556	0.1118915433802633	0.06692619138866573
29.3	0.09824299804869696	0.042245209495017866	-0.2439162540030939	0.1587267171850507	0.0961669951270595
29.4	0.10806288281108412	0.05955734958387504	-0.2799148438860932	0.20868114411676023	0.12450145154972336
29.5	0.10985106434468361	0.07024636882913582	-0.2934762356458898	0.23825003917458276	0.14028627214757994
29.6	0.0998843429739642	0.06938313788733519	-0.27199049133053865	0.23160437964549738	0.13604021163374402
29.7	0.0791019734430154	0.056401824474571094	-0.2173055085139301	0.18891873151720465	0.1106849626015094
29.8	0.05307079098609946	0.035659611908790634	-0.1458251600506517	0.1267898903248313	0.07097461133746741
29.9	0.029792547872458663	0.015150405953901713	-0.08153761948836136	0.07019487208328498	0.030949154625270925
30.0	0.016428146443477787	0.0030130766504981032	-0.04551084538154551	0.04028566498634696	0.006633248252591928
30.1	0.016565998288868622	0.003343698301214393	-0.04731546241490664	0.04477402647773178	0.007416656433263835
30.2	0.02930305463677918	0.014298475876030503	-0.08260678380500087	0.07607051104028441	0.030968483263008606
30.3	0.050353580608413995	0.029966441874722416	-0.13742903161619954	0.11758447488560865	0.0662467816203598
30.4	0.07430173969998699	0.044327726580925986	-0.19598653491333207	0.15368496578453641	0.1011491970393632
30.5	0.09663825811016813	0.05425291521644027	-0.24706903885155465	0.1769750751020562	0.12808606170122527
30.6	0.1146161299096039	0.059853517320906935	-0.28588934766817614	0.18887867951291062	0.1447111839611973
30.7	0.12689715310626382	0.06267823773302317	-0.3115839285956292	0.19441036749369744	0.15162596143829776
30.8	0.1327605420823038	0.06352683070765563	-0.3235340455511017	0.19593537121074664	0.14993436036692165
30.9	0.13176677327869957	0.06158936982032015	-0.3199793094376391	0.19097478768048126	0.14027242807522355
31.0	0.12418008579047102	0.05546262230207355	-0.3000249804531991	0.17556960277354633	0.12339712750800447
31.1	0.11165355358043227	0.04511371941888198	-0.26699724062083896	0.1501030202525549	0.1014750351506003
31.2	0.09731960392886052	0.033067206683010664	-0.229653504248018	0.12230142656866619	0.07886143231076947
31.3	0.0848190482971094	0.02355473144238629	-0.19921775882530393	0.10415206259050717	0.061184212123079784
31.4	0.07666521529937242	0.01991688727066765	-0.18355287725632607	0.10427501245412216	0.05250689550070764
31.5	0.07300402050954014	0.02218223380160733	-0.18243815082185774	0.12124503850991536	0.052438872073543474
31.6	0.07172911696405948	0.02689996153860541	-0.18769837527006095	0.14330443533234374	0.05602336121907936
31.7	0.07003719366957617	0.029512610161535502	-0.18872284405647516	0.15556262373117774	0.05702669722030573
31.8	0.06645659949102045	0.02752430128319039	-0.17992546356329867	0.15015873596075924	0.05223132880082093
31.9	0.06194269063491786	0.022257294322152954	-0.1649142726599863	0.1321664470441292	0.04377410802629189
32.0	0.059195875427894507	0.017984276357306817	-0.15410827203437943	0.11653680781589583	0.037902036696380925
32.1	0.06059386309798076	0.018820150088981302	-0.15709559118188238	0.11760885904500175	0.040410022816045554
32.2	0.06617516258567946	0.025428190454984234	-0.17498072346323543	0.13829330926277367	0.05170403480860841
32.3	0.07318385569108266	0.034126719747542444	-0.19836611004309526	0.16679275763548954	0.06573749851874
32.4	0.0776609826209409	0.03924254781112346	-0.21292113545357855	0.18379856014767634	0.07399157555437696
32.5	0.07711600011487929	0.0369925784890448	-0.20912940873482527	0.1757382872455062	0.07122751931750826
32.6	0.07245357985865541	0.0282963373241627	-0.18956515787133157	0.14505179866966997	0.05917170915972514
32.7	0.06771499662746783	0.018766276213700972	-0.1683419540524896	0.11004798222127463	0.046270505398649964
32.8	0.06761860378067319	0.015488892888776529	-0.16252416251010496	0.09379741948163903	0.042968826170624363
32.9	0.07440226085549562	0.022197074287513496	-0.18082935547941228	0.1090592353114288	0.054404791252753215
33.0	0.08603590109449843	0.0362914458856487	-0.21705137007121375	0.14919211672422508	0.07604773855099134
33.1	0.09706782652690538	0.050225439591746524	-0.2527738257404015	0.19125099341078186	0.09644681806997413
33.2	0.10170318195156691	0.05612239840978306	-0.26798638959222765	0.20953516248966142	0.10440554641004507
33.3	0.0972787497655655	0.050250475886602475	-0.2531214309527092	0.19109072226986545	0.09485757895921831
33.4	0.08602868158131027	0.03507495455238485	-0.21514396862088006	0.1435677613329384	0.07130979500130696
33.5	0.07407969367016154	0.018311199977821047	-0.17409987700680918	0.09089025502132782	0.045164481592814276
33.6	0.06827316684123375	0.00913724962428375	-0.15236751623162625	0.059858795315546644	0.031033519049466496
33.7	0.07262966359779366	0.013094333183498286	-0.16297837991803543	0.06597951410630537	0.03857579276798173
33.8	0.08634917058676028	0.02894578728894115	-0.20338072177945823	0.10645603834889587	0.06635847442791021
33.9	0.1042447977995179	0.04985771575472897	-0.257349298843382	0.1632284849180879	0.10324811199533546
34.0	0.11914921416050217	0.06764894872012106	-0.3030614311950845	0.21294129366489883	0.1355221031003987
34.1	0.12493368870592925	0.07660394091945033	-0.32256380804812046	0.23758971449735133	0.1530871791527436
34.2	0.11874565424527139	0.0747650755914816	-0.30816534042118615	0.23065174668753927	0.1514601634372582
34.3	0.10172119664372081	0.06334212112863946	-0.2638252224139157	0.1971976632718871	0.13122456064670374
34.4	0.07823825394346318	0.04575644861016093	-0.2023069332725265	0.1498174610766024	0.09742217219989702
34.5	0.054288914449718284	0.026843421780379018	-0.1402368619596313	0.10334532745440128	0.05900818870644675
34.6	0.03564400015396396	0.0117843961195927	-0.0930572027265878	0.07042434880812869	0.026949309001332522
34.7	0.026327042582957927	0.004537857014126678	-0.07106832700942413	0.058520702466444516	0.010475981678788826
34.8	0.02772494053602248	0.006361838438590395	-0.07719316215615683	0.0684008002863732	0.01321551651727293
34.9	0.03850995319691497	0.015386856085602307	-0.10689587147708718	0.09433880908686698	0.0318803153799766
35.0	0.05536347013409093	0.027651171609740066	-0.15037516686366761	0.1264369109659857	0.058544453866661184
35.1	0.07423136281767373	0.03903222627140823	-0.1963693880094035	0.1546482503303853	0.0848197875418567
35.2	0.09160176141448406	0.04695528065324983	-0.23600565788170905	0.1728044384895666	0.10514262030841615
35.3	0.10527300214192814	0.051005002440750125	-0.2648986320917117	0.1804252814338802	0.11764994259772199
35.4	0.1143656089242856	0.05229270944534892	-0.2826438286141214	0.1812036676399036	0.12305870090187498
35.5	0.11878722305127587	0.052141464115437186	-0.29049671688887896	0.17928140395194653	0.12289819256318935
35.6	0.118669885869928	0.0510103642136871	-0.2891963009937355	0.1760819194522688	0.11827260607779566
35.7	0.11422151516575918	0.048385147334713774	-0.2785963904924102	0.17005540617341375	0.10965341141948437
35.8	0.10601804907139678	0.043634153103927376	-0.2591551763962793	0.15934848464788845	0.09750314326066023
35.9	0.0953392475775433	0.03705524202723354	-0.2336663941466071	0.14494082472714875	0.08307802421498078
36.0	0.08407939934215514	0.030162090266853347	-0.20731237836748315	0.13130172551738944	0.0686536423522911
36.1	0.07412347244514128	0.02485905177800729	-0.18551571867146138	0.12364910801807219	0.05674699165504293
36.2	0.06658095514202467	0.022128718731524222	-0.17107017050670417	0.12390550758349907	0.04873228731255719
36.3	0.06147468346957807	0.021374286562707012	-0.16291666611786004	0.12887347726885306	0.04405687428863536
36.4	0.058172540989156696	0.021063314907249997	-0.1577851663838155	0.13258321465004627	0.041000599770141144
36.5	0.05624192504756953	0.020183501100560886	-0.1535659821245273	0.13129395805431773	0.038504028943546875
36.6	0.0560037502162567	0.019262325506836264	-0.1515897560392322	0.1270390979290303	0.037431229705161995
36.7	0.05824939532678253	0.01998570562988411	-0.15563469973766197	0.12634291999965727	0.039914361593938574
36.8	0.06327525092880615	0.023560485950305576	-0.1680934881422822	0.13449367281389094	0.047033541272089585
36.9	0.07005052213053553	0.029129189107352182	-0.186382257128012	0.1497502704815782	0.056855143560424426
37.0	0.07637977534417362	0.03374203622048133	-0.2030297940235232	0.16266365101042707	0.06495769988433153
37.1	0.08021284746431256	0.03424817838097716	-0.21030958460412616	0.16219523560428106	0.0674571278201902
37.2	0.08127086164794817	0.029918772576951858	-0.20650675089741413	0.14485557148220096	0.06433669415807153
37.3	0.08168103950913119	0.023876665120951546	-0.1988984408908474	0.11986919883076218	0.06058223153433362
37.4	0.0848263906208897	0.021848895452317052	-0.20019522478538232	0.10532256579763029	0.06370245813935249
37.5	0.0928731523414611	0.028394088342721946	-0.2197689604194072	0.11651073127935238	0.07831547569876918
37.6	0.10456870888714598	0.04304840861020798	-0.2552946762586074	0.15390694008493758	0.10154189988046713
37.7	0.1150143076156982	0.05958245866600209	-0.29111727345483	0.19958252967566176	0.12349204169792893
37.8	0.11798468675439788	0.06920298560235505	-0.3057496558466398	0.22593147902296745	0.13259616595476065
37.9	0.10965996308250925	0.06547149823411369	-0.284771287665695	0.21226072457074133	0.12148680632263442
38.0	0.09151051360070872	0.04820772346596791	-0.23121424156122836	0.15890464114122038	0.09094624442030452
38.1	0.0703719795569222	0.024678479924827856	-0.1663989111511602	0.08935568352342517	0.051814925543914536
38.2	0.055371353884760555	0.00677416500688377	-0.119855191940642	0.03826816852396385	0.022454651051726615
38.3	0.05330685729596052	0.004389658762139259	-0.11380492157263251	0.032233969487608545	0.019039297594790616
38.4	0.06508789519770763	0.019027330147453947	-0.15122720549242527	0.07495914010057549	0.04415030238387563
38.5	0.0852475666238125	0.042963080758165795	-0.21440826330573087	0.1456850577093081	0.08489913303395302
38.6	0.10472954656410705	0.06463217141110733	-0.274509638899987	0.21133164219849132	0.12252255192146533
38.7	0.1152852847154976	0.07534112088760003	-0.306230979272184	0.24449812142806057	0.14324407354861768
38.8	0.11304009692339556	0.07259086206615362	-0.29914663325040564	0.2364998858208264	0.14235324239241676
38.9	0.09949875361218186	0.059485317817976724	-0.2600461530294845	0.19860000428626487	0.12290873292140059
39.0	0.07989188150107984	0.04210017540460864	-0.20643474875765874	0.15240591191612185	0.09299381282299435
39.1	0.06022957126829531	0.026382573757619876	-0.1563364061328182	0.11671284214543827	0.062376171340861264
39.2	0.04486301997508346	0.015773534327890082	-0.12070020670547454	0.09904560645183129	0.03869600227721437
39.3	0.03565412564939541	0.010643213173062938	-0.10186568509132797	0.09581340870501821	0.025137330573360095
39.4	0.03264416214420285	0.00959516818063122	-0.09712119956686614	0.09889792180453044	0.021178590288078114
39.5	0.035248125994620016	0.011323092802208778	-0.1034849345100351	0.1028745405716668	0.025144217508105804
39.6	0.042968466927070015	0.015513592236769957	-0.12006625267114188	0.10789908836668964	0.035883959342817184
39.7	0.05527201859692865	0.022360726722480684	-0.1470038095608176	0.11732498192531447	0.05244969417039791
39.8	0.07102323639882135	0.03145298379514072	-0.18276281274461045	0.13302862381943548	0.07286763303320631
39.9	0.08816580406427277	0.04118910109523655	-0.2225330804873199	0.1525411450343955	0.0937504102561646
40.0	0.10405669147144614	0.04928771256019904	-0.2592138509521268	0.17004619023257345	0.11130406110817437
40.1	0.11628896360486662	0.05396319103078906	-0.28627527252540624	0.18008498537021858	0.1228001733405999
40.2	0.12345926361673809	0.05482069124128064	-0.30039236038056605	0.18089654923896958	0.12735804586041366
40.3	0.12540428805308979	0.05283587026502701	-0.3020937980368706	0.17495151444655835	0.12572752211446925
40.4	0.12284353583807428	0.04951294203030898	-0.29427199609369703	0.16660230825178196	0.11946739696860853
40.5	0.11677601692625383	0.04587664285942539	-0.27992679958504335	0.15891146002130527	0.11005846764900362
40.6	0.1080835638911668	0.04201506759877505	-0.2608467213928761	0.1520793982412458	0.09840610666381022
40.7	0.09755160476984193	0.037440608331523295	-0.23796934213634263	0.1444235913940707	0.08499306338520907
40.8	0.08615058320481095	0.031913273903386274	-0.2127649045529905	0.13484701501609797	0.07054321921081153
40.9	0.0752157645001672	0.026048077404832948	-0.1882357364596163	0.12471073229850278	0.05663381382693666
41.0	0.06625921379302746	0.021220384123403768	-0.16850147556510459	0.11761771552359698	0.045610477387003634
41.1	0.060450717653757535	0.01881079961340737	-0.15707209395632518	0.11723358722429675	0.03960443431218097
41.2	0.05807942352260276	0.019306922060749576	-0.1549089119184944	0.12464821314526507	0.03921291501195534
41.3	0.05836551768618281	0.02188206901386791	-0.15959216161433365	0.13704925400141835	0.042846309040769914
41.4	0.05980276153582609	0.024738579676721884	-0.16625487122656382	0.1485965528338469	0.04735072394572992
41.5	0.06091269179528214	0.02600898678524921	-0.1699314832022879	0.1530911483676489	0.049601285383853666
41.6	0.0610575189512077	0.024741479292718527	-0.16820584834846156	0.14713181199002393	0.048205219820677936
41.7	0.060904532944471956	0.021543065064201117	-0.1628682887745896	0.13228948236115604	0.04454257282682783
41.8	0.06226502311135895	0.018599268031528116	-0.15968568713668715	0.11527429800195345	0.04263974645321755
41.9	0.06728044021571433	0.018914654100496975	-0.1661008479712796	0.10576185160522732	0.047568725954030944
42.0	0.0772126361091996	0.02488259646200397	-0.18750731240900062	0.11234222389276495	0.06265039864287969
42.1	0.09133056468945377	0.03676819749273663	-0.22350586116099935	0.13791008169734723	0.08684402152440229
42.2	0.10647555715177581	0.051981859228212635	-0.26597113864114064	0.17651514611160676	0.11418455524177451
42.3	0.11773420680600954	0.065678185793825	-0.30048974963003455	0.21378247807306358	0.1358472515712732
42.4	0.12021791274380889	0.07242482566602448	-0.3115088529091479	0.2318868211528894	0.143431464387065
42.5	0.11135870263502778	0.0682922642855005	-0.28960918897580495	0.21780899814252286	0.13181797009627083
42.6	0.0926676100937599	0.052906681649834364	-0.23759947613201174	0.1712029001621446	0.10151028455435684
42.7	0.06989905510171901	0.030856528192690802	-0.17181370986992414	0.10728005321564886	0.060686718634154646
42.8	0.051177861378064904	0.011042391765848869	-0.11678783022525575	0.0518680968202385	0.024792571988695222
42.9	0.0436749959040621	0.002834219872944632	-0.09487412114231786	0.029857752610913127	0.010351460201145524
43.0	0.05032755540670397	0.010565145268698894	-0.11556051916840797	0.05249372864088449	0.024737423609292986
43.1	0.06830356065676702	0.030487872417889195	-0.1701993714095905	0.11059297072250808	0.0605428028934909
43.2	0.09015672661310825	0.05295091780773764	-0.23551713775164754	0.17822650583692115	0.10056791258192321
43.3	0.1072210740275864	0.06800683915562233	-0.28459764723689535	0.2256244911134858	0.12848165904509046
43.4	0.11353603086550323	0.07022896867226858	-0.2996776459037865	0.23442650097044893	0.1359476832347859
43.5	0.10825052169598615	0.06037891790336536	-0.2798168541025061	0.20656813825912668	0.12361544152055803
43.6	0.09530148150515216	0.0442018420486775	-0.23934241667187647	0.1616039723728127	0.09900167604945598
43.7	0.08073169114562939	0.029240378935082245	-0.19838856278119735	0.12422923929799473	0.07291645896946286
43.8	0.06935234559251469	0.02079980855381114	-0.17149538358284297	0.10980123070292785	0.054291320787199115
43.9	0.06272643233252884	0.019291577478802946	-0.16114152190207318	0.11680075157854619	0.04567480992560913
44.0	0.05948793511749284	0.020942004409580828	-0.1596365058991204	0.13053218258437135	0.04322053059254538
44.1	0.057457130451940785	0.021292646743385935	-0.15726184271270893	0.13495164157622574	0.04131507791880895
44.2	0.05589408566666598	0.018730564530141547	-0.15060565224593536	0.12429050532382728	0.03775313212493714
44.3	0.05627710736395297	0.015589465014130499	-0.14529138372430786	0.10662946064271174	0.035548689570761405
44.4	0.061129163090749894	0.016223591558002237	-0.15147765448644623	0.09738278961881519	0.04033468789461181
44.5	0.07182746419155239	0.023439476344587762	-0.17565088914296068	0.10769534637923876	0.055309505756523825
44.6	0.0870325377737513	0.0359478284607504	-0.2147361210695441	0.13612005601904612	0.0778606453054771
44.7	0.10289647619338649	0.04888103988771009	-0.25673815375862447	0.16932952110819424	0.10084107975595069
44.8	0.1149309037902736	0.056916886494455365	-0.28741133982885136	0.19105256719298264	0.11701655644384246
44.9	0.12026423246998608	0.05751432842857762	-0.2982449199103338	0.192638900028107	0.12271629712168941
45.0	0.11880589978813605	0.052071064760790375	-0.29034366265391554	0.1777998115856258	0.11868862996104379
45.1	0.1126739395045655	0.044542358474421784	-0.27195177090435924	0.1585992500745914	0.10871231500038891
45.2	0.10448103476406012	0.038628115681424546	-0.2519623125490679	0.14620482020329134	0.09707640263653838
45.3	0.0957998662022661	0.03548264350578201	-0.23440177141145455	0.14349393244202896	0.08618695683053124
45.4	0.08684054343797853	0.03356164358402969	-0.21769946187123915	0.14478336574455314	0.07585328089434962
45.5	0.07734420198016334	0.030570554854867482	-0.19862158885828565	0.1422653229344136	0.06480860746810801
45.6	0.06774265024111026	0.02579186217005891	-0.17713171393642685	0.13358551917397957	0.05311817280367259
45.7	0.059486708373130526	0.020866442992026335	-0.15789992612389084	0.12429631544029875	0.04327384139997226
45.8	0.054196218884006386	0.018414690817187274	-0.1470619334734656	0.1231214702229824	0.038697049943476225
45.9	0.05232504009398342	0.019631529701525152	-0.14684182672940638	0.1337976472369739	0.040587363032041135
46.0	0.05253005937993693	0.02290466832778304	-0.15262825647187941	0.15018865150344674	0.046008797689486514
46.1	0.05246807145954946	0.0247377696016724	-0.15544198796641584	0.15911473158136288	0.04943944943339984
46.2	0.05064308399105277	0.022395952407759045	-0.1486243784444563	0.14953559634088795	0.04694232447945179
46.3	0.04801585575759826	0.01641998197488337	-0.13408421792085803	0.12169800722009567	0.03996025948803328
46.4	0.04807796566409617	0.011215581760311122	-0.12324452051686977	0.08940624382508035	0.0359387104330231
46.5	0.055047786785411223	0.012887000512709967	-0.13121747574099638	0.07309926604939142	0.04443642493865607
46.6	0.07112419738610443	0.025209971139404264	-0.16735135994649294	0.08769851742208268	0.07030152319209482
46.7	0.09445763696743736	0.04650313538601325	-0.22796001852560363	0.1328483288418714	0.10905779643420754
46.8	0.11916528276523874	0.0699865888659521	-0.29591940992077786	0.19170945301555475	0.14883855442486393
46.9	0.1375447026941996	0.08732021698013182	-0.3477060710057063	0.23906190180015213	0.17686040322852647
47.0	0.14338380694258557	0.09247100194788616	-0.36410595561825315	0.25389304799280826	0.1845774898375695
47.1	0.1346870898835888	0.08370815676869425	-0.3389198836709103	0.22939188974067087	0.1692089687432624
47.2	0.11452028727633201	0.06380860805990651	-0.2814535393217431	0.17541699900607846	0.13391969392584469
47.3	0.08969709247793956	0.03921377869075959	-0.21213069618891509	0.1131022583010194	0.08815792801000277
47.4	0.06805555500717853	0.018045342703398304	-0.15391548923687431	0.06522191059574518	0.046145792336636404
47.5	0.05558160221141373	0.00698174020079656	-0.12365308644345359	0.04718245977961865	0.021488501905103985
47.6	0.054506454916370406	0.008352418188418698	-0.12670958022093337	0.062112925484978376	0.020304769052213234
47.7	0.06295659365287554	0.01934050787604591	-0.15638092515331503	0.10107387136752811	0.038302002313936656
47.8	0.07609968807496659	0.03380866175971653	-0.19763522715583154	0.1474629675191064	0.06416600847259168
47.9	0.08823428011328871	0.04540125043121701	-0.23346342466339282	0.18374192472088896	0.08608474105485864
48.0	0.09499728983757105	0.05009261519024	-0.2514603187871711	0.19822686787708743	0.09668912504040328
48.1	0.09484078495357418	0.04729193503111029	-0.24817592149620085	0.18952531131228165	0.09461109679231083
48.2	0.08919533465337093	0.039564527645331915	-0.22942874758929993	0.16657615311964882	0.08358681934503032
48.3	0.08128285144337555	0.03120535511009781	-0.20633600460836968	0.1437471598006004	0.07013162621167135
48.4	0.07419749367601314	0.025990477440134496	-0.1889257393859673	0.1329498607534301	0.060188871420012946
48.5	0.06930168581355911	0.025084348830858305	-0.1807584364334841	0.13691650547511144	0.05593224622417592
48.6	0.0658623375798828	0.02650941938818907	-0.17776608266655697	0.147838307548422	0.054875895818018106
48.7	0.06213934970368051	0.026735034109372724	-0.17217983379152568	0.15273400892951502	0.052254246754091405
48.8	0.05720717639470341	0.02339121156374646	-0.15915650101802323	0.1425972565301831	0.04508748101835547
48.9	0.05224558767248089	0.017310034613990388	-0.14166172071638714	0.11942708042699286	0.03517941012784398
49.0	0.05030723159512884	0.012471678141309672	-0.12997634801504365	0.09609415288297624	0.02893349395301481
49.1	0.054558245687502005	0.013577511520158514	-0.13564304627040577	0.0885363584786671	0.03344591629577354
49.2	0.06606467738261568	0.022615275493269693	-0.1635710761637666	0.10512586720240902	0.05105847893440718
49.3	0.08260774542441607	0.0369561582401271	-0.2075939044729953	0.14035613550688517	0.07682402969019186
49.4	0.09941687040415381	0.050640022790732986	-0.2527564464251502	0.17741002967572414	0.10133237583428323
49.5	0.1114712848076096	0.05790671922596824	-0.2831782067305371	0.19819028107870895	0.11624414405125194
49.6	0.11597601062975638	0.056405818069533264	-0.29055940609414	0.19422722151614238	0.11811509602006898
49.7	0.11349797370460302	0.04819745477304782	-0.27793203765831387	0.17122038013613675	0.1089867044409284
49.8	0.10714417809043852	0.03825103955696352	-0.2564954082608125	0.1443998987709188	0.09466087110900556
49.9	0.10045021009860944	0.031392939032862444	-0.2380331842345325	0.12825858762702447	0.08160685342008767
50.0	0.09542347258530959	0.029554137105823997	-0.2281804636000803	0.1279186762096034	0.07368931509473875
