0.0	0.009947455374071268	0.009774661786087102	-0.000992909289732637	0.0009830146204257212	0.019524603834654486
0.1	0.0390958507757736	0.03642502100577416	-0.0038636416148768765	0.0037473872986672767	0.07251211267839641
0.2	0.08542009391270877	0.07272492048262125	-0.008301284825330487	0.007767024378215638	0.14402155720745202
0.3	0.14573070781371056	0.10895711646321848	-0.013830322025318482	0.012255986512797289	0.2145125431595667
0.4	0.21593452314542927	0.13567980469533003	-0.01986916921369225	0.016291477480980872	0.2657524842716748
0.5	0.2913646527129814	0.1462710638633834	-0.025800875073839415	0.018959732144114786	0.2857811633035978
0.6	0.3671477279040296	0.13857998497936475	-0.03104661166171049	0.01950263716984572	0.27143237722254426
0.7	0.4385740743104152	0.11521708433526934	-0.03513245540618151	0.017443629304604975	0.22797696509073956
0.8	0.5014384631027089	0.08247037198469279	-0.037740710587693446	0.012673234696337262	0.16652452544478585
0.9	0.5523223431481372	0.048337815443595056	-0.03873954331642733	0.005481191430534396	0.10041825555394077
1.0	0.5887953974674495	0.02028443383755496	-0.03818805825640321	-0.0034686456346979177	0.041844972794100724
1.1	0.6095239427440777	0.0033925599501665182	-0.03631661971329437	-0.013219107995254985	-0.0006398255980461093
1.2	0.6142827728477664	-0.0006165556097752767	-0.03348552819619997	-0.022646015018051958	-0.023074650179585945
1.3	0.6038770960609694	0.0066910034792354856	-0.0301294327954743	-0.030608939888304154	-0.026005391036097253
1.4	0.5799896614625472	0.0213671631634251	-0.026696257973250342	-0.03610361137996823	-0.013561484851626969
1.5	0.544974072977737	0.03845329179605747	-0.023586824811155448	-0.0384014021208662	0.008021941999470858
1.6	0.5016182650423312	0.05335142439379975	-0.02110555424282613	-0.03714954257840992	0.03198531543301876
1.7	0.4529032040050023	0.062833755762361	-0.019427915258711095	-0.032420220614360215	0.052507411560513056
1.8	0.40177938954500114	0.06549529553200795	-0.01858926801867988	-0.02469916010180242	0.06577471263065848
1.9	0.3509791291834653	0.06165412737429882	-0.01849283304141809	-0.014823996436439155	0.07046414182509048
2.0	0.3028763708021225	0.052871194689007917	-0.018937782150039443	-0.0038719449895872303	0.06759158991392622
2.1	0.2593996135556884	0.04130857453533554	-0.019660440757474848	0.006981154035431686	0.05983189388016169
2.2	0.22199635251027816	0.029139189989171754	-0.020382216955583458	0.016611558904478824	0.05053973039958021
2.3	0.19164251245348884	0.018130971245582272	-0.020856446915194164	0.02408603752418026	0.04277819746870004
2.4	0.16888586328188437	0.009455512744892647	-0.020907749942195904	0.02877099556321251	0.03861901396474299
2.5	0.15391059940619978	0.003681483975654487	-0.020457707783190802	0.03039635619322622	0.03885584854935542
2.6	0.14661008630673444	0.0008825418700487697	-0.019533709013561842	0.029067313423659574	0.043109785058862204
2.7	0.146656387836561	0.0007838013292490453	-0.01826045828560531	0.025224768159014636	0.05019468164329777
2.8	0.15355837974616926	0.0028961192536147706	-0.016836036075348317	0.01956186566860258	0.05856101223460197
2.9	0.16670354581737656	0.006613654823253712	-0.015497109450418961	0.012911056335656862	0.06666437264798897
3.0	0.18538285668667687	0.01127447146367655	-0.014478995118967313	0.006119818498692508	0.07318321400962702
3.1	0.20880126055391057	0.016199058867813365	-0.01397747464943636	-6.682885845299546e-5	0.07709443959723838
3.2	0.23607895925186262	0.020724270259761646	-0.014118350289979254	-0.005096960753890239	0.07766788827310767
3.3	0.26624987332826333	0.024245323787093653	-0.014938289375997725	-0.008668413259614805	0.0744487970669645
3.4	0.2982639741848817	0.02627058384148767	-0.01638192481871148	-0.010738731074331223	0.06727043046372855
3.5	0.3309985918008769	0.02648522867009584	-0.018313089280774218	-0.01149294823778033	0.05629701944811172
3.6	0.3632821966127675	0.024810302187499023	-0.020539340438689185	-0.011275417930675935	0.04206791270132848
3.7	0.3939313716200139	0.02144082020865873	-0.022842654536909746	-0.010502421184817678	0.02550590757707477
3.8	0.42179867992220377	0.01684071083796873	-0.025017808379616226	-0.009560650175121392	0.00785942181401214
3.9	0.4458277638198159	0.011685820171220718	-0.026902978101049215	-0.008723770414995015	-0.009420551052280235
4.0	0.4651096809854257	0.006758785843912318	-0.028403412536116293	-0.008093268774914918	-0.024851179891681036
4.1	0.4789340534130535	0.002811600640387102	-0.02950203934989922	-0.007577157250365071	-0.03710397175669791
4.2	0.4868292945346746	0.0004271033877856767	-0.030255232452718606	-0.006910687986517922	-0.04517090713992279
4.3	0.4885871268295513	-8.769792160479017e-5	-0.03077459960220447	-0.005716110389548745	-0.04848210218565509
4.4	0.48426863069989257	0.0012501884346289849	-0.031197289275640916	-0.0035930593542783814	-0.046957386335706855
4.5	0.4741915223234128	0.004120921357704144	-0.031650000247725046	-0.00022407136362219673	-0.0409882962753845
4.6	0.45890060513574815	0.007982310114002744	-0.03221282236021004	0.004522865606267241	-0.03135964878735714
4.7	0.4391253179550595	0.012184052619846952	-0.03288941715917188	0.010513239978451461	-0.01912715402032869
4.8	0.41572968579949976	0.016084455818497045	-0.03358939097441038	0.017303154444961187	-0.005473620227571835
4.9	0.38966051100558063	0.019143698434111844	-0.034126961599421336	0.024145706244069837	0.008434733141679668
5.0	0.3618993193043022	0.020981004193726394	-0.03423788633541779	0.030051416482353904	0.021571922419767353
5.1	0.3334224188882223	0.021397607838347543	-0.03361370411110721	0.03389904486434248	0.033141577466820116
5.2	0.3051717757323622	0.02037620137437063	-0.03194932209647701	0.03458462720889256	0.04262189787291909
5.3	0.2780373807557901	0.0180699476801931	-0.029000046324781037	0.031193557791440948	0.049766543807223784
5.4	0.2528496707230137	0.014787456765462226	-0.02463559140105596	0.02316837496415518	0.05456735311866295
5.5	0.23037891788699838	0.010967464414161743	-0.018888345473029047	0.010450866212337703	0.05719487050456079
5.6	0.2113374253433642	0.007138991753817381	-0.011984305472289418	-0.006424880717101436	0.057940857036196114
5.7	0.19637984374162998	0.003860342264885963	-0.004351761334260872	-0.02630650899036163	0.05717926300161247
5.8	0.18609747155939993	0.001640543543202977	0.003396254931915375	-0.04747482912542717	0.055350408486297575
5.9	0.18100342993541085	0.0008579451330054111	0.010506054882233842	-0.0677734084217628	0.05295553879267412
6.0	0.18150755112603534	0.001696690841704207	0.016152637417326855	-0.08481092214375167	0.05053583751594448
6.1	0.18788178226631358	0.004122341953164077	0.01952584572239229	-0.09621174976926809	0.04861323625512437
6.2	0.2002190584826653	0.007900210820561804	0.01992404718151285	-0.09989135875214292	0.04758507801920686
6.3	0.21839054348389697	0.012650256769401791	0.016849175958182347	-0.09433053391364771	0.04759999748653054
6.4	0.24200745479711816	0.01791558227392165	0.010087103460778428	-0.07880926517550967	0.04845966975632243
6.5	0.27039401995709056	0.02321933153276623	-0.0002351378582089193	-0.05357292952585425	0.04959775829845531
6.6	0.30257797067907166	0.02809444244684728	-0.013624081191208202	-0.019906102864804636	0.05016574489907594
6.7	0.3373035230939624	0.032088893318398315	-0.029231951785432066	0.019901312870396582	0.04921869324169936
6.8	0.3730697987919648	0.03476797671388743	-0.045907863208173076	0.06269987658852685	0.0459586699508554
6.9	0.4081951265311048	0.035742859571026186	-0.062285238824794434	0.10472998944431659	0.039976341963641776
7.0	0.44090452310917927	0.03474631634585601	-0.07689879981135221	0.14195504580144822	0.03143497482417845
7.1	0.4694351208031292	0.03175157591673433	-0.08832043043878827	0.17044776591465288	0.021160993153649887
7.2	0.4921516576098355	0.027098698470733262	-0.09530109236659443	0.18679241112028974	0.010621535324659814
7.3	0.5076626205330916	0.021568614374052664	-0.09690405813221138	0.18846102669618217	0.0017784280265894514
7.4	0.5149266511348922	0.016342720553434414	-0.09261583521152111	0.1741240311276236	-0.003189499030978704
7.5	0.5133394070989905	0.012811888595220644	-0.0824209245834297	0.14385732981273036	-0.002292188534403425
7.6	0.5027920782321371	0.012248988553769824	-0.06683233048584564	0.09922170464514721	0.0057829567233688844
7.7	0.48369546094784965	0.015417971821271415	-0.046872069290438835	0.04319922561899542	0.021199414785038534
7.8	0.456966186771822	0.022237657265294752	-0.024001245253517094	-0.02001377833870211	0.04266677656548257
7.9	0.4239754140391039	0.03162842934962712	-4.7311725463287935e-6	-0.08534228215432636	0.06745952840722444
8.0	0.3864635509639881	0.041632594893861785	0.023160014972353246	-0.14726875939811912	0.09184616604812498
8.1	0.34642798348221615	0.04982380056616026	0.0435363172842354	-0.200330312840943	0.11188749095140055
8.2	0.30599301064822493	0.053924273651397236	0.059347496986422915	-0.23962962743944047	0.1244118477483922
8.3	0.2672729133980346	0.052468202193581504	0.069163414685652	-0.26130692343630685	0.1278786434799234
8.4	0.23223952364947664	0.04530920489118562	0.07203939055045215	-0.26292912742633495	0.12284342699504436
8.5	0.2026047768599667	0.0337972184977281	0.06761239352673584	-0.24375443437216465	0.11185134466792701
8.6	0.17972717850548536	0.020536963743439385	0.05614382546734425	-0.20484144593150058	0.09877128688139958
8.7	0.16454822862890595	0.008764342243779977	0.038504125677553694	-0.1489898629297211	0.08776312495362915
8.8	0.1575620144259302	0.0015004492593424512	0.016099759847821193	-0.08051534061566759	0.08218153883148605
8.9	0.15881762343209394	0.0007232423896160745	-0.009251227565378066	-0.004876308960849304	0.083723758779078
9.0	0.16795100163937893	0.006801863022571797	-0.035482115728840226	0.07180751092669165	0.09203853938034556
9.1	0.18424035340728473	0.018369868499386266	-0.060464309623225646	0.1433040370441355	0.10486756418073118
9.2	0.20667753519401044	0.03268014148405807	-0.08219950679840057	0.2038304119049311	0.118648613938509
9.3	0.23404715430805467	0.0463387976004318	-0.09899780258012185	0.24857064095060089	0.12940435382095722
9.4	0.26500543684609046	0.05620001169499722	-0.1096245899171649	0.27409963655798475	0.1336907945135516
9.5	0.29815228671941973	0.06015854694804895	-0.11340196873624438	0.2786722264027207	0.12938470455716689
9.6	0.3320918935029179	0.057616350817201956	-0.11025532056179929	0.262350038513268	0.1161393033396696
9.7	0.3654797297580272	0.049509255085514126	-0.10070139269409706	0.22695585779999838	0.09542133364799471
9.8	0.397056132673548	0.03792079889041994	-0.08578052886448878	0.1758632780142166	0.07014318774031175
9.9	0.42566880179409217	0.025434250187482466	-0.06694176259552213	0.11364645126543073	0.0440013901709467
10.0	0.45028803948508767	0.014440135736391801	-0.04588922347164079	0.045620883217031484	0.020699836096807006
10.1	0.4700191909788458	0.006605776171642375	-0.024419863863286814	-0.022652747167339185	0.0032521662199249957
10.2	0.48411647080292153	0.002632845680030804	-0.004251413536673716	-0.08588063420749643	-0.006483416305496842
10.3	0.49200109592461616	0.002325777204972179	0.013129562922023762	-0.1394973629665571	-0.007967857497946595
10.4	0.49328502083193204	0.004877660995505628	0.02658628621042737	-0.18002522139974925	-0.0018767547540778362
10.5	0.4877993291564924	0.009235421436380897	0.03540901277891439	-0.20531016921845627	0.010191094684957686
10.6	0.475624130191005	0.014402039141605316	0.03934555517191815	-0.2146193345177845	0.026069796099166487
10.7	0.4571152413573957	0.019592511833641857	0.03858300086417714	-0.20859079224073718	0.0433603354814347
10.8	0.43292165219817247	0.024238262767793395	0.033687217448021715	-0.18905529032642152	0.05970240842565003
10.9	0.4039878873140271	0.027902775020001602	0.025509742475738846	-0.15875717211933926	0.07299287214636538
11.0	0.37153622350867765	0.030198603534605684	0.015074855199277336	-0.12101219566700513	0.08158092878775444
11.1	0.33702566830602987	0.030777470480195912	0.0034610557561851035	-0.07934401287847971	0.08445938306561696
11.2	0.302087252281643	0.029413173474856946	-0.008309333194125886	-0.037140474607022717	0.08143854328212008
11.3	0.26843828457934227	0.02613785763556864	-0.019360750066422346	0.002634781510651742	0.07325348482336153
11.4	0.23778112021673348	0.021354712416609245	-0.029026925914051767	0.03764958314040627	0.0615377847602423
11.5	0.2116947025876933	0.015851605746423636	-0.03688130273203364	0.06631562217979604	0.04861136298318092
11.6	0.1915286417605636	0.010678429067024764	-0.04273567394734745	0.08780506758774669	0.03707709421796779
11.7	0.17831012703477134	0.006908947466932713	-0.04661112166838264	0.10198209576432095	0.02928722320603172
11.8	0.17267318903836137	0.0053586334262955004	-0.04869070403268542	0.10927267590809883	0.026800594937051003
11.9	0.1748176688714177	0.006354357112654085	-0.04925846137555728	0.11049250712742857	0.029982500244146393
12.0	0.18450208911787225	0.009633737432484302	-0.048640261490793715	0.10666927151848794	0.03787213301921444
12.1	0.20107121516938076	0.014409463852639082	-0.04715155711582276	0.09888052996073188	0.04837679863384636
12.2	0.22351480939785429	0.019575032826226302	-0.04505954442006	0.08812877627595912	0.058752571850909374
12.3	0.250550924556206	0.023984205286967097	-0.04256322708298234	0.07526503348331945	0.06624150841750981
12.4	0.2807242767384104	0.026718121226770197	-0.039791691519123595	0.06096393760935843	0.06868941615942709
12.5	0.3125090590257297	0.027267962965146275	-0.036818372067135556	0.04574794222452408	0.06498242052264502
12.6	0.344405353478589	0.025594100876289605	-0.03368435035965045	0.030035413496505885	0.05520578950451943
12.7	0.37502002997109796	0.022068482895275965	-0.030426062492055483	0.014209743386088788	0.04051948121013138
12.8	0.4031258891105137	0.01733761878823581	-0.027100176640697856	-0.001318093547165972	0.022829936537241136
12.9	0.42769585219184425	0.012158140411325957	-0.023799723843328163	-0.016067537557157903	0.004377437050079508
13.0	0.44791348371620376	0.007253032717719765	-0.020658146433792463	-0.029478399903988248	-0.012642402895614302
13.1	0.46316398621259114	0.0032170768063262134	-0.017839778210413576	-0.040937295241332515	-0.02634794795775089
13.2	0.47301302859866434	0.0004777575886540375	-0.015518584077228942	-0.04983710906738457	-0.035311729086190874
13.3	0.4771818501080056	-0.0007017251726738061	-0.013849071708477165	-0.05565923217706	-0.03860303771963733
13.4	0.4755272042895987	-0.00020156014399852484	-0.012934965328578346	-0.05806344054538713	-0.03578953554225009
13.5	0.4680328887034525	0.001968411607019105	-0.012802203340216619	-0.056967319244104454	-0.026952520316495032
13.6	0.4548168813425808	0.0056586456204807956	-0.013382033321814726	-0.052598787567836036	-0.01274202793245549
13.7	0.43615427938540485	0.010544820478612882	-0.014507623208173242	-0.04550996259885554	0.005543434490910354
13.8	0.4125121542052088	0.016088230632215983	-0.01593032295791866	-0.03653794446965166	0.02591598446440621
13.9	0.3845887691808082	0.021523455667353197	-0.017348289585395735	-0.026724704275709638	0.04577396258673008
14.0	0.353347239494478	0.02591299654672269	-0.018449312648104628	-0.01719691700399504	0.06217690416965549
14.1	0.32003259270634055	0.028296843857066933	-0.018959803290656083	-0.009022267389566121	0.07234256237108339
14.2	0.2861617673737573	0.027929751911121237	-0.018693040402834885	-0.0030631339868512682	0.07430068824144292
14.3	0.25347895112222696	0.024556569236583115	-0.01758859284966508	0.00015052303400701068	0.06754171542793846
14.4	0.22387285882806962	0.018634881409631876	-0.015736120972881157	0.0005091862173262722	0.053433025801103595
14.5	0.19925771389607028	0.011398735512674452	-0.01337858607443155	-0.001642792976180354	0.03518643821986944
14.6	0.1814257252956658	0.004684634669505416	-0.010892561538438657	-0.005536508237774456	0.017269094527372797
14.7	0.1718839024398151	0.0005102067565506685	-0.008746835404395688	-0.010069792998265875	0.004333977322828586
14.8	0.171692184014953	0.0004916415973234001	-0.00744356381414891	-0.013950916704689108	-5.319100121803366e-5
14.9	0.181322130882276	0.0052718082356104645	-0.007449461077514068	-0.015876124386548413	0.005514354317041947
15.0	0.20055510863290515	0.014167051518159002	-0.009126573508998667	-0.01471800457257284	0.019805001378354392
15.1	0.22843613107980087	0.02519936712937587	-0.012668546337729776	-0.009705104860283639	0.03927407228502444
15.2	0.2632947315938803	0.035567257228731664	-0.018058283811765934	-0.0005539386230487008	0.05911817147044801
15.3	0.30283674437432606	0.04245170682253785	-0.025047878182856892	0.01245205935241285	0.07471325928822925
15.4	0.3443036889945975	0.04391144277621056	-0.03316691273723157	0.028456143228422628	0.08294125693319171
15.5	0.3846881341589451	0.03956127270529808	-0.04175954967556625	0.04609607628519952	0.08296847042867089
15.6	0.42098590620066656	0.030771545991652494	-0.05004662265266912	0.06363946048941142	0.07625475625998857
15.7	0.4504612622778248	0.020281976324959317	-0.05720585329904013	0.07917101398867192	0.06585957219292174
15.8	0.4708979304700096	0.011330635148406543	-0.06246090823075689	0.09080904591648604	0.05533227288658829
15.9	0.4808096627839624	0.006584853439933647	-0.06516866701714069	0.0969247132092844	0.0475633250730603
16.0	0.47958688784552295	0.0072484927551977885	-0.06489415304725946	0.09633709361362482	0.0439303834829298
16.1	0.4675625699191084	0.012669979446752966	-0.06146397146887804	0.08846006724751895	0.043954243908941426
16.2	0.4459884263343362	0.020599728987988064	-0.05499182303481409	0.07338384723746824	0.04554086569430299
16.3	0.41692215854255843	0.028006231048899544	-0.04587376711873904	0.05188236445512448	0.04574724853227316
16.4	0.38303593764533406	0.03215780262210066	-0.03475176968193443	0.025343226611804964	0.041870257653779636
16.5	0.3473649577893021	0.03156860970185449	-0.022452832303199447	-0.004363962067029999	0.032535231057194025
16.6	0.31302139871026213	0.0264696145869579	-0.009909597363685517	-0.03506886405179501	0.018401805438344132
16.7	0.2829028220301405	0.018643801982136332	0.0019284965223660474	-0.0645079764453792	0.0021820167640188015
16.8	0.25942472045634213	0.010706512766712195	0.01218290312183527	-0.09053364978943984	-0.012109127717912616
16.9	0.24430415503638536	0.005117533427150489	0.020123072511186908	-0.11130167144164327	-0.02044392003755191
17.0	0.23841609935846975	0.0033029374768016595	0.025225531737843362	-0.12541959919793258	-0.020137466533882153
17.1	0.2417352839461374	0.0052092564040721046	0.027207960249226	-0.13203708461136612	-0.010745800169388087
17.2	0.25336832990530467	0.009432376972043244	0.026038723636130107	-0.1308805723877101	0.005831419598216869
17.3	0.27167052100217504	0.013842734078985397	0.021920887174400484	-0.12222925955624343	0.026045825238773246
17.4	0.2944332350891201	0.016442400971015736	0.015255668076073307	-0.10684269872392259	0.04587358263779756
17.5	0.3191209550844851	0.016117113035339525	0.006590751183784664	-0.0858534921668706	0.06199231950465156
17.6	0.3431320952541079	0.013005476665276294	-0.0034389749454229812	-0.06064201634248572	0.0725501101777995
17.7	0.3640565529582439	0.008370296212812378	-0.014170911733816464	-0.03270980542773416	0.07733170362493458
17.8	0.3799039935752574	0.004052475390253385	-0.02496777509821444	-0.003566436430427116	0.0773791062365263
17.9	0.389281070384224	0.001740306797548219	-0.035259254720119454	0.02535932263514837	0.07430047055492045
18.0	0.39150193033096836	0.002340752107899191	-0.04457020502840203	0.05278394326579421	0.06955783332862
18.1	0.3866239683932037	0.005678118857636805	-0.052532606137014666	0.07759427741228503	0.06397921896727474
18.2	0.3754089631716635	0.010608348355425401	-0.058885505317391965	0.09885731260038161	0.05762095861888131
18.3	0.3592171338028489	0.015476609997334134	-0.06346464884123247	0.11580975988327631	0.04999058391049943
18.4	0.33984826687223235	0.018723841880118663	-0.06618636420864385	0.1278414884335639	0.04051322111654615
18.5	0.3193485032148634	0.01941312690089947	-0.0670301857739291	0.134482026770597	0.02904697675139517
18.6	0.2998038253253035	0.017496408838362565	-0.0660241216209418	0.13539775972415294	0.016236311881282717
18.7	0.2831410678196876	0.01375312055925959	-0.06323524959475814	0.13040355738561232	0.003547852128998996
18.8	0.2709553625599185	0.009455718620355436	-0.05876695593406654	0.11948900529601206	-0.007045690724417186
18.9	0.2643786784057961	0.005906672536346358	-0.05276240088189665	0.10285515884161812	-0.013627295849674759
19.0	0.2639992144370986	0.004018648127271818	-0.04541276670929834	0.08095489120033178	-0.014935788871016209
19.1	0.26983551354138213	0.004073382481314836	-0.03696370057545222	0.05451960351893009	-0.010781156632760525
19.2	0.28136354186105594	0.0057140061555994714	-0.027725803532609023	0.024582409712038147	-0.002126858715186697
19.3	0.29759001388291906	0.008141741660992352	-0.01807457296914624	-0.007535193688291123	0.009177117999980278
19.4	0.3171614909656758	0.010422419221688795	-0.008443596231790957	-0.04026533013735796	0.02090107961913712
19.5	0.3384964609484301	0.011789331195500241	0.0006914924069423241	-0.07186820662209976	0.031001863498451077
19.6	0.35992644910709126	0.011848293437131008	0.008838503387468312	-0.10053666197265439	0.03807172575074769
19.7	0.3798332614870561	0.01063954659257188	0.01552178246208202	-0.12452258291490872	0.041559644034297405
19.8	0.39677092292446847	0.008564211720158532	0.020319903982144956	-0.1422733463576589	0.04174307207278538
19.9	0.4095638939040356	0.006223990836456139	0.022904183594159723	-0.15257033491465224	0.03950733704984763
20.0	0.4173760599208758	0.0042334891620390835	0.023071466026613197	-0.15463592225036635	0.03602210807466277
20.1	0.4197483912971849	0.0030639261263625817	0.02076918370576089	-0.1482192033860104	0.03241995739660117
20.2	0.4166061941538398	0.0029510966544545325	0.016108066791600335	-0.13363506959379753	0.02954662203722147
20.3	0.40823931180277206	0.0038739981013882208	0.009359932779496453	-0.11175369964538984	0.027825423841471297
20.4	0.39526008268709223	0.005592858691074509	0.0009401453281718086	-0.08393983251607284	0.02724208418150495
20.5	0.3785450457265783	0.007725137395567128	-0.00862398365825021	-0.05194659859135535	0.027432511447072844
20.6	0.3591663406505361	0.009837322641078838	-0.018735966706241322	-0.017773888585675225	0.027838973644480958
20.7	0.3383183316352566	0.01153474174124769	-0.028779683947368136	0.0164946110805049	0.02789228964080187
20.8	0.31724423110048605	0.012536711605368345	-0.038170455301675024	0.04885898654685591	0.02717767571358809
20.9	0.297166162494262	0.0127273790912793	-0.04640206439589657	0.07755793478564234	0.025548510895405774
21.0	0.2792213517570771	0.012174809870152625	-0.05308464104707723	0.10119499601677724	0.023165324093324058
21.1	0.26440598379019675	0.011113207719752882	-0.05796924175316049	0.11882360018674791	0.020453698318168456
21.2	0.25352777933984527	0.0098882512935341	-0.06095684811582084	0.12998340282653423	0.01799245559780155
21.3	0.2471679699521343	0.00887269811516167	-0.062090826282901995	0.1346854071513138	0.016359129807382855
21.4	0.24565344257700628	0.00837051274205114	-0.06153306897203337	0.13334880817952646	0.0159707217414935
21.5	0.24903961464836866	0.00853020538879723	-0.059532257411327234	0.12670482833985067	0.0169594429404627
21.6	0.2571052975779071	0.00929333303678015	-0.05638051432399008	0.11567172809433018	0.019119225382536575
21.7	0.2693605110156956	0.01039592871168582	-0.052371285101042206	0.10122632448898142	0.02194165374511009
21.8	0.28506838986751526	0.0114297115320251	-0.04776014203140692	0.08428236148755358	0.024739539678515277
21.9	0.30328178350024426	0.01194917873396728	-0.04273785229694833	0.06560062714599398	0.026827825793050653
22.0	0.32289401156818054	0.011601293233006349	-0.03741408990167612	0.045733340152029955	0.027714537797906835
22.1	0.342702858966383	0.010241948422920477	-0.03181989383285837	0.025016151062492692	0.027246912100171772
22.2	0.36148487289388387	0.008003657370469819	-0.025925023633243748	0.0036055128374119887	0.02566551028176467
22.3	0.378076063217915	0.005290590494629432	-0.019669441922086434	-0.01844341296614723	0.02354410649355909
22.4	0.39145346313109886	0.0026939528810260294	-0.013004291643027023	-0.041070564010005396	0.021624661113732152
22.5	0.40081137727204286	0.0008438517989204364	-0.005936343570620719	-0.06409339073370804	0.020588803555950053
22.6	0.4056254904418225	0.00023324819787551299	0.0014311660686315358	-0.08709755196035691	0.020827950391535704
22.7	0.4056983791329227	0.0010618739391791698	0.00886838737690497	-0.10935580284632353	0.022280123366490157
22.8	0.40118095339755677	0.0031480114428039663	0.016005612558054834	-0.129792623032296	0.024389847965905542
22.9	0.3925660916606365	0.005942321774543402	0.022341396877044287	-0.1470071204826704	0.026220026232491173
23.0	0.38065312454142475	0.008652505744979166	0.027273915808877013	-0.1593596478044241	0.026705158861578843
23.1	0.36648453863033825	0.010455878713587718	0.030154435147301772	-0.16511897247464702	0.024992072484190386
23.2	0.3512592401498682	0.010747076070711903	0.03035906297008311	-0.1626587716735817	0.020775942455202645
23.3	0.3362293837246314	0.009349552123468441	0.02736796524586774	-0.15067691809572797	0.014523539547479647
23.4	0.3225897980402491	0.006627522781913919	0.020852954408143203	-0.1284308786784005	0.007494449037850126
23.5	0.3113706534718136	0.003437757122023155	0.010749121192796845	-0.09593333975024039	0.0015160550932030725
23.6	0.30334390484482365	0.0009269867861195213	-0.0026911549421518564	-0.05409466690567175	-0.0014495342664917477
23.7	0.298953324713211	0.00021134138044764939	-0.018872884077877215	-0.004784563109315888	0.0001652163919940164
23.8	0.29827592729301255	0.002024133051975685	-0.036869313753258734	0.049207630225391596	0.0070645421612482995
23.9	0.3010195539768008	0.006440217825715577	-0.055472294343184465	0.10432602135610464	0.018832796661577778
24.0	0.30655752548773885	0.01277122634567246	-0.07327616806354087	0.1564891730788389	0.03397712967168365
24.1	0.3139975402126085	0.019685106355959492	-0.08879626863648206	0.20143283773128298	0.050269504535141896
24.2	0.32227818289025956	0.025537453751323214	-0.10060623942513484	0.23510114964326767	0.06528579428263664
24.3	0.3302831959128171	0.028829875923288006	-0.10748253119984201	0.2540561704665185	0.07698388213415513
24.4	0.33696147832697476	0.028661692538225814	-0.10854028790776642	0.25586054484249376	0.08415319555366502
24.5	0.34144015930184546	0.025030724373084623	-0.10334499816725992	0.239389003246606	0.08661478194041078
24.6	0.34311839745448425	0.018875590553294186	-0.09198586774982583	0.20502936304690084	0.0851316089496959
24.7	0.34173185975176334	0.0118309541101837	-0.07510030607030097	0.15474257990271975	0.0810785969702773
24.8	0.33738082301921546	0.005756617730517444	-0.053843911259564	0.09196766385903483	0.07598924574489319
24.9	0.3305190290442228	0.002183331559512558	-0.029806379346342404	0.021372301307232396	0.07112370926393735
25.0	0.3219046366688936	0.0018536966464467453	-0.0048792224876978195	-0.05153345412135445	0.06718232255972767
25.1	0.3125189981565155	0.004509897604496882	0.018912569143135886	-0.12088467698797513	0.06423055769152758
25.2	0.30346228862746083	0.009002961451019142	0.039598324036638204	-0.1810028833198056	0.06182817952925179
25.3	0.2958378391454122	0.013690987654075892	0.055449448584783304	-0.22693500315979082	0.05929257654661113
25.4	0.2906376800108087	0.016990567260676714	0.0651492258103655	-0.2549388194132511	0.05599484848327102
25.5	0.28864160714203	0.01790057230334363	0.06792224447688705	-0.2628483199752058	0.05159489486530561
25.6	0.2903400193302361	0.01630869513130373	0.06361035567725476	-0.2502894489633701	0.04615188845540835
25.7	0.295888029930801	0.012986157095551676	0.0526906646420759	-0.21872181166480492	0.04009638737590154
25.8	0.30509419664616666	0.009275305943808876	0.03622688794593319	-0.17129166821794425	0.03408646226742523
25.9	0.31744336984215504	0.006588498865423398	0.015762095401655598	-0.11251532767802996	0.028798904871702558
26.0	0.3321493545489689	0.005901635136612016	-0.006836468813373497	-0.04782516222143886	0.024719461569399026
26.1	0.34822990219515026	0.007423413941995971	-0.02956385981315281	0.016973830917712013	0.02199536585054196
26.2	0.3645946921177562	0.010554255047750205	-0.050474000382348956	0.07627451460871107	0.020398098581509705
26.3	0.38013631781506263	0.014137129449794061	-0.0678672530011499	0.1252101896681706	0.019417990891106962
26.4	0.39381468166049516	0.016894074241027623	-0.08044754683227928	0.16011040314573116	0.01846023212620701
26.5	0.40472738294122534	0.017886690775639702	-0.08743273540279035	0.1788153414247329	0.017086377534019037
26.6	0.41216108879284263	0.016827551105497773	-0.08860815168050666	0.1808263114746415	0.0152132054823855
26.7	0.41562187587956423	0.014140718879353364	-0.08431923525821038	0.16727748892807778	0.013194829439758055
26.8	0.4148455564022189	0.010765640432513435	-0.07540620886899785	0.14073762429605804	0.01175238377829571
26.9	0.4097914805797337	0.007796500827280506	-0.06308707185942539	0.10486370295563449	0.011769252151331316
27.0	0.40062460795548616	0.006092321944287493	-0.0488138356947502	0.06396968655867907	0.014006116816402653
27.1	0.38769166116521936	0.006007611681597191	-0.034105722191372694	0.022534689947064063	0.018825715831334466
27.2	0.3714961155234191	0.007319281525206944	-0.0203882590869812	-0.015274354237535492	0.025999637480730448
27.3	0.35267576367466713	0.009355588719538954	-0.008852981246616086	-0.04601828437316536	0.03465512915592517
27.4	0.33198423823124845	0.01125784125872259	-0.00035242196687286764	-0.06729641579078155	0.043386466712175165
27.5	0.31027595628408333	0.012269613245998123	0.004660062943508861	-0.07792364035144034	0.05052214828821111
27.6	0.288491687569022	0.01195638206784555	0.006141863420593516	-0.0779620423396677	0.054502047098822504
27.7	0.26764090728416456	0.010301131908507788	0.004426452017690849	-0.06861344521284383	0.05428357577064169
27.8	0.24877654463133403	0.007672515127160162	0.00014976418480110293	-0.05199423848820736	0.049669178972821915
27.9	0.23295848298596777	0.004706550771685247	-0.0058523015933067924	-0.030819428477800125	0.041450762173145805
28.0	0.2212038476472914	0.0021492761189567666	-0.012654239815486829	-0.008064451129348605	0.03129695214283407
28.1	0.2144245641536261	0.0007027842031573917	-0.019355029860086272	0.01339017969363467	0.021383719934385592
28.2	0.21335567987096493	0.00089334373736083	-0.025175689405677534	0.031065191171182272	0.013849994564175572
28.3	0.21848049902246258	0.0029650758998024385	-0.029531936931007932	0.04311513756013692	0.010228222405937182
28.4	0.2299609258170877	0.006801581691128544	-0.03207620503301232	0.04846801802868402	0.011019968457989249
28.5	0.24758250461329612	0.011891331614131584	-0.03270716637392467	0.04686470119045567	0.015550842901574935
28.6	0.27072338926233486	0.017363983897555335	-0.031549604581500364	0.03880485625457166	0.02215572312248354
28.7	0.29835515241537236	0.022123768980782443	-0.028909945943400413	0.02541322197574646	0.028642492386650287
28.8	0.3290800431515333	0.025077951747088878	-0.025218741909121597	0.008259840762788318	0.03289763420326086
28.9	0.3612054054842989	0.0254221370046816	-0.02096582611487576	-0.010848711743439139	0.03345372629031734
29.0	0.39285179889818467	0.02290176742255945	-0.01664023720688128	-0.03007140468186639	0.029862754227329952
29.1	0.422086504865398	0.017956558754589402	-0.012680702518986148	-0.04770766317876682	0.022779945411318447
29.2	0.4470707233774214	0.011675949142868236	-0.009441820597960828	-0.062328229905207234	0.013755051438843285
29.3	0.46620594010099103	0.005552256218432972	-0.007177454169627915	-0.07285409235444786	0.004806364877297187
29.4	0.478264566151958	0.0010899440331156862	-0.0060400107948116715	-0.07858478939069574	-0.0020945525913929064
29.5	0.48249066771179494	-0.0006114922649442245	-0.006091887635664609	-0.07918418338984774	-0.005492850144499795
29.6	0.47865965650610043	0.0008343257569675133	-0.0073238865756155265	-0.07463720891406732	-0.004764667423663743
29.7	0.467090207105503	0.00500470270413389	-0.009674679586651119	-0.06519382449552155	-0.000210371486552563
29.8	0.448606952382101	0.01081418716370769	-0.01304837134420879	-0.05130881302961817	0.0070806089014241735
29.9	0.4244581669189321	0.016852127086255386	-0.017322878648625726	-0.03359996889912592	0.015559837722288389
30.0	0.396197973087286	0.021790831722692083	-0.022349368759352537	-0.01282597501615658	0.02365328892220861
30.1	0.3655464526152248	0.024729849934607195	-0.02794727260910125	0.010126570735500167	0.030177455722437185
30.2	0.3342437076751925	0.025372304886967456	-0.033893047571899974	0.03423911238183034	0.03462671058130873
30.3	0.3039141055881608	0.02399654595892675	-0.039909541713711215	0.05835615864585338	0.037241929257887385
30.4	0.2759553731147196	0.02126074348056395	-0.04566000784459669	0.08119062796178936	0.03883878830638865
30.5	0.2514632537689978	0.017933444077515515	-0.05075151468116901	0.10134772925331881	0.04045609030574343
30.6	0.23119792835668107	0.014649827751935351	-0.05475116729116689	0.11738123086974059	0.04294339442119938
30.7	0.21559254764870395	0.011776462353230155	-0.05721575633866358	0.12788004596575894	0.04663635486637657
30.8	0.20479829031613217	0.009409429070515674	-0.05773335331205702	0.1315835374168788	0.05123445593690745
30.9	0.19875596677282414	0.007481478281791909	-0.05597292543899854	0.12751551590612198	0.05592379109145562
31.0	0.19728043600129008	0.005917484553477181	-0.05173595067377407	0.11512163496689327	0.059694814652543005
31.1	0.20014299701580007	0.004769116426878384	-0.04500278142168085	0.0943915332674182	0.06173072389816192
31.2	0.20713753762422848	0.0042749901861728334	-0.03596627763085944	0.06594587869257651	0.06171349406150667
31.3	0.21811917673813297	0.004821260915860992	-0.025046710220355588	0.031073492384576417	0.05992399725661729
31.4	0.23300856280254945	0.00681550374464579	-0.012884040425528641	-0.008294363754508212	0.057094454952873464
31.5	0.25176047205020713	0.010502188303040949	-0.00029989614628569	-0.04968924731574868	0.05406055493212225
31.6	0.274301506471906	0.015779203177133994	0.011758811803611715	-0.09026342466789025	0.051352819345960365
31.7	0.3004466784331823	0.022074339506847618	0.02229866931231824	-0.12700864661953332	0.048891611882351915
31.8	0.329808896815579	0.028339310782900307	0.030370421730141543	-0.1570091561241346	0.045926435272444166
31.9	0.36171754504763554	0.03320027815083826	0.035162385300868605	-0.1777047489784388	0.0412790135827763
32.0	0.3951621138469804	0.03526731098800079	0.03608648773624088	-0.187136773874491	0.03384320644212982
32.1	0.428774621887026	0.03355358650786339	0.03284708708542501	-0.18415021650460459	0.023194930288032656
32.2	0.4608600867937469	0.027900725586781028	0.025484278248097455	-0.16852908284273857	0.010106620603840905
32.3	0.4894784065107505	0.019268920518664634	0.014386039035852576	-0.14104882253538445	-0.0032351859360313096
32.4	0.5125742672734765	0.00975250628677235	0.00026696976398005607	-0.10343834482726175	-0.013440299665628805
32.5	0.5281451244641432	0.0022374121189297214	-0.015885127387299164	-0.05825440661452066	-0.016568496617319836
32.6	0.5344315362741036	-0.00028084455292806676	-0.032890910746397786	-0.008672024565664859	-0.00910796160073489
32.7	0.5301100304569075	0.004428433522740777	-0.04947825119925224	0.04176731364683836	0.010935648052088326
32.8	0.5144668178906933	0.017007713769391725	-0.06439227009550513	0.08945382101239459	0.04312362190166673
32.9	0.4875315666623763	0.03602331884660637	-0.07650384824233301	0.13100610450075031	0.08411217428736215
33.0	0.4501533891190309	0.058032691586696716	-0.08490607484999663	0.16354404489730473	0.1278406128437181
33.1	0.4040066416150012	0.07827829013100546	-0.08898925961843897	0.1849120083006746	0.166483045248168
33.2	0.35152109069986637	0.09187725403500824	-0.08848761396063196	0.19383214300064558	0.19209146078217137
33.3	0.29573877174507646	0.09519596729522378	-0.08349492967396611	0.18997941501891766	0.19863678764737458
33.4	0.2401076400975085	0.08699740759581809	-0.07444777629386082	0.17397247741068692	0.18393448451932687
33.5	0.18822899496311263	0.06898256190201979	-0.06207929543166756	0.14728575127977853	0.150819464952208
33.6	0.14358064573660367	0.04550878371125555	-0.04734908700211912	0.1120951561434308	0.10701979714228993
33.7	0.10924106824032975	0.022514510072121352	-0.03135698237131738	0.07107429489617104	0.06351723942179666
33.8	0.08763970592383263	0.0059350806519576915	-0.015249753987637844	0.02716716920397868	0.03169939388929466
33.9	0.08035671667170907	6.388830993053762e-5	-0.0001292498709983968	-0.016647428882356055	0.02011448386857262
34.0	0.08799070802136388	0.00634896738249624	0.013029756872338387	-0.057574736170355155	0.03189486992037449
34.1	0.11010662702057805	0.022988131007676826	0.023445023135723258	-0.09318925251184591	0.06376265470602471
34.2	0.14526827734825476	0.0454455960706418	0.030572450943374567	-0.12157693734421825	0.10699396897541025
34.3	0.19115214132170832	0.06773108178071974	0.03412729494818078	-0.14142121476780622	0.15001231709066842
34.4	0.24473150105794905	0.08405514801914571	0.0340829750593376	-0.15203720728041942	0.18170968599284748
34.5	0.30251376339935143	0.09037263685403646	0.030650896093914554	-0.1533576704237214	0.19439230519512785
34.6	0.36080934280219834	0.08537553595497166	0.02424331356739227	-0.14587616073888843	0.18547757295047063
34.7	0.41600810117694376	0.07068114184143781	0.01542550692620262	-0.13055948108693083	0.15759088997238907
34.8	0.46483951698197334	0.050212302369817385	0.004862696932475228	-0.1087411833755219	0.11727731951326278
34.9	0.5045951237488195	0.029002485939995326	-0.006733076180008785	-0.08200745408750931	0.07292615303719772
35.0	0.5332960151572919	0.011806668969971512	-0.018651662627314314	-0.05208527502827385	0.032606056606736156
35.1	0.5497940523443408	0.001920702219374959	-0.03022579371467419	-0.02074029088404416	0.0023645762360952616
35.2	0.5538019065747347	0.0005114439978340379	-0.04086236451337589	0.010310682314254006	-0.014714893571772109
35.3	0.5458537693297445	0.006581574040125965	-0.05006386073974012	0.039471756333795224	-0.01865660030579054
35.4	0.5272048681767572	0.01749844657737773	-0.057441683687902895	0.06532579495802071	-0.01206656418400287
35.5	0.49968263195123996	0.029863449575139756	-0.06271815189087167	0.08667416398245956	0.0008425218369645382
35.6	0.46550616176573734	0.04044564775931714	-0.06572713319996462	0.10257230704696291	0.015423032475526871
35.7	0.427092173230611	0.046918891129050455	-0.06640925363679759	0.11235533738516387	0.027703042850134557
35.8	0.3868653956288497	0.04824649010773474	-0.0648061134924446	0.11565896597873004	0.03520676415571841
35.9	0.3470893440485606	0.044680204926001	-0.06105426797466214	0.11243578345942312	0.03732299765239977
36.0	0.309730268743172	0.037451533460616915	-0.05537950778502623	0.1029656411077768	0.03516945203076688
36.1	0.2763624834939835	0.028299031441451516	-0.04809073943872034	0.08785649676481934	0.03102956678951796
36.2	0.24811863174793047	0.018985694238142226	-0.03957202588238307	0.0680314787531684	0.027549051687473736
36.3	0.2256835584783442	0.010926520436387865	-0.030273868269663776	0.04470247711859026	0.02693130371423519
36.4	0.20932639566860756	0.004985777198530439	-0.020697914044976232	0.019318892200466377	0.030352065770211045
36.5	0.19896232071694753	0.0014455456823856405	-0.011377045442286434	-0.00650472151455608	0.03772619702668678
36.6	0.19423318924858557	0.00010446372393779768	-0.002849259579043484	-0.03108320900051522	0.04784322965930321
36.7	0.19459594876151387	0.0004478944199910462	0.004373846980663	-0.05277328160411213	0.05878183537205084
36.8	0.19940815890250796	0.001833714521681129	0.009842464042249852	-0.07009689749064228	0.06844782100620528
36.9	0.20800184708551483	0.0036528002362073986	0.013204890471123864	-0.08186504335509416	0.07507200293434435
37.0	0.21973943061436407	0.00544078546621396	0.014241125989796093	-0.08728973450959929	0.07754491529929802
37.1	0.23404857733802198	0.006932129534780618	0.012889549263893135	-0.08607103690799463	0.07553474512212205
37.2	0.2504357525505778	0.008057624864939106	0.009262637261720608	-0.07844684659528361	0.06940503442038054
37.3	0.2684810237234426	0.008894708503977555	0.0036482279020375865	-0.06519568993435901	0.05999801669073268
37.4	0.28781866412724255	0.009586827556652966	-0.003505534084097497	-0.047587303487991	0.048369014344190664
37.5	0.30810949825992984	0.010255065118994489	-0.011622376350341813	-0.02728060126632125	0.03554771917976379
37.6	0.32901085908425287	0.010926791753983367	-0.02004582048240387	-0.0061760153363569275	0.022375869658464442
37.7	0.35014982383993254	0.011505247538507068	-0.028096047932888914	0.013763832821551462	0.009437845274464896
37.8	0.3711042088360873	0.011791959276821196	-0.03513555600806496	0.03071228803350449	-0.0029190628773280436
37.9	0.3913938682048844	0.011555326535443944	-0.04063227799552272	0.04317012466394906	-0.014502900934163176
38.0	0.4104831732913482	0.010623446766457822	-0.044214532484393894	0.05012956436359186	-0.02516571066195672
38.1	0.427793994679871	0.008968592639786832	-0.04571048607559488	0.05118995694368915	-0.03469665108304071
38.2	0.4427269594043344	0.00675229757083462	-0.04516659816225561	0.04660876968847565	-0.042748301635335356
38.3	0.4546881993444347	0.0043136118100475795	-0.04284163297533863	0.03727827232689264	-0.048813662381241935
38.4	0.46311847579314824	0.002103672983173155	-0.039175619163893304	0.02462674409140212	-0.052257565114818966
38.5	0.4675220898153395	0.000588852317747357	-0.034736357185114856	0.01045251563154194	-0.05239372188423598
38.6	0.46749347651026163	0.00015390168280360328	-0.03014907643040808	-0.0032919665635602665	-0.048591545050737345
38.7	0.4627406911320501	0.0010328566929702632	-0.026017316907750873	-0.014741633267945175	-0.040397018009575625
38.8	0.45310552014821215	0.0032798175175249855	-0.02284486764066038	-0.022356490844127885	-0.02765648431792614
38.9	0.4385809688596447	0.006773510823151807	-0.020968834009614936	-0.02512548156734329	-0.0106352043391289
39.0	0.4193268920046469	0.01123718159223036	-0.020513105916385815	-0.022708726960532066	0.00988232053689525
39.1	0.395684292349854	0.01625555219077912	-0.02136936159255368	-0.015497278091803554	0.03253492486663767
39.2	0.36818825307277914	0.02128412203198876	-0.02320933573513801	-0.004578892358094658	0.055407704928522095
39.3	0.3375782198022428	0.02566438935931553	-0.025528182105804348	0.008389769305637316	0.07617528553822078
39.4	0.3048032909810685	0.02867224923383871	-0.027714511478243636	0.021391686956825813	0.09238860991510439
39.5	0.2710190704105341	0.029624720925531367	-0.029138571677505824	0.03231448052976303	0.10189138227064637
39.6	0.23757218011950387	0.028047947516884886	-0.02925027702849879	0.03924385234625917	0.10330492353660792
39.7	0.20596840121559512	0.02387770970272529	-0.027665823686323327	0.040735050192574986	0.09646904358820396
39.8	0.17782120442064753	0.017629169852798277	-0.024242581641132754	0.0360408490484389	0.08271478051158843
39.9	0.15477959283236054	0.010456750058853603	-0.01912104676201254	0.02525433690093143	0.06483965015732507
40.0	0.13843600028706016	0.00404281655988914	-0.012730974955686081	0.00934473285535473	0.04671928511313572
40.1	0.1302182262249325	0.00029532365848294884	-0.00575732249661719	-0.009923043508540768	0.03256839540597334
40.2	0.13127219603412643	0.0008993507629123654	0.0009316119520477118	-0.030180333807490807	0.02597329646847657
40.3	0.14234494109465745	0.006828031638505427	0.0063866461889088835	-0.04873800540031622	0.028919747138500318
40.4	0.16367921475423486	0.01795341179250043	0.009698889148293845	-0.06292800846502586	0.04109843695028781
40.5	0.1949316436521943	0.0328910247298142	0.010124692410883585	-0.07046077595079066	0.05974634411776758
40.6	0.2351260550693013	0.049160221611490584	0.007198114482023656	-0.06975217992169928	0.08015864983704274
40.7	0.2826511409638407	0.06365843892592926	0.000815447933835308	-0.06017561795118248	0.09680377706354532
40.8	0.3353085121924365	0.07335617052402688	-0.008720768240971278	-0.04220270274495337	0.10476117874155061
40.9	0.39041235313419886	0.07604719779311064	-0.020706012494927012	-0.017409346659000492	0.10106611501117782
41.0	0.444937131555713	0.07096440248448671	-0.034089527490773965	0.011659681305795585	0.08556430547159671
41.1	0.49570438361902636	0.059083386017837136	-0.047574892111701156	0.04175885544276067	0.061022700774912175
41.2	0.5395950013145028	0.043024225514908254	-0.05975740581431238	0.06930793672306818	0.03252219579730779
41.3	0.5737704488051405	0.026544042469975715	-0.06928134508765516	0.09081953309259222	0.006341403646014654
41.4	0.5958840406026735	0.0137232293277047	-0.07499940711184779	0.1033338338739282	-0.011346966698121443
41.5	0.6042637152557722	0.008025247492755738	-0.07611441589143916	0.10480593882970006	-0.015689474371802355
41.6	0.5980497179559416	0.011447222716611055	-0.07228566693730652	0.09439587999315487	-0.004108166921677578
41.7	0.5772744138773667	0.02396804126625235	-0.06368725456504348	0.07262744038645585	0.023080326170490217
41.8	0.5428765418877325	0.0434425038769049	-0.05100450797106573	0.04137232587797179	0.06245500582623083
41.9	0.49664830849691033	0.06598499840634658	-0.03537605668170626	0.0036877697773434006	0.10780110283440975
42.0	0.4411197479225496	0.08678506307930667	-0.018280085802036328	-0.03650191151287699	0.1510526532051471
42.1	0.3793903516071655	0.10118371402326426	-0.0013799477479693619	-0.07483428077526645	0.18385814187959656
42.2	0.3149225760360881	0.10576821981849205	0.013653783396379406	-0.107000426485315	0.19952443103596745
42.3	0.2513146031864857	0.09922250876206418	0.02532423563160245	-0.12924123631212844	0.1948468859245986
42.4	0.1920708013798923	0.08271357962914061	0.03247116399200919	-0.1387889225251316	0.17122679703048016
42.5	0.14038757221174347	0.0596964281450626	0.034396718438783766	-0.13420071072735215	0.13461054443028897
42.6	0.09896965459040286	0.03516206320104942	0.030941045919899997	-0.11554611245228866	0.09414372222174794
42.7	0.069888154001018	0.014496974845377486	0.022494809315961792	-0.08441789247890298	0.05986993808562091
42.8	0.05448712034495973	0.002227592293229108	0.009953730608069006	-0.043774375977585336	0.04014340222988122
42.9	0.05334074474854389	0.0009657471783104388	-0.005383840131573798	0.002375724617068944	0.039520234129731824
43.0	0.06625876111308504	0.010819696166052717	-0.021961704991992473	0.049406376657052865	0.05771560377495255
43.1	0.09233439073636562	0.02941489214223958	-0.03813621112745888	0.09257530260268713	0.08985909810312243
43.2	0.13002652799868586	0.05250542093237809	-0.052352298455135254	0.12753472050594405	0.12788733173434397
43.3	0.17726696115394158	0.07500269516965785	-0.06330498570954707	0.15079335739330604	0.16261757522503895
43.4	0.23158354479022325	0.09214670747233467	-0.07006845869067466	0.16007803472162815	0.18592040403855004
43.5	0.2902311686359148	0.1005260153608073	-0.07217897093832241	0.15455542703943653	0.19245711494157763
43.6	0.3503242010356349	0.09871714139185367	-0.0696651906563024	0.13489465177959162	0.18062288235901242
43.7	0.40896577055052064	0.08743085876045154	-0.06302134856192827	0.10316208665105038	0.15257870254783168
43.8	0.46337094863289396	0.06919386785990078	-0.053132917602854476	0.06257240044454054	0.1134858200767731
43.9	0.5109821510163025	0.04769574846221322	-0.04116259803756247	0.017123776603543184	0.07023088755835173
44.0	0.5495753811424804	0.026987395910358147	-0.028412526738874552	-0.028836288159815506	0.029997772873877948
44.1	0.5773557662224686	0.010710719005510766	-0.016179750544526753	-0.07106302889184547	-0.0009954750084113645
44.2	0.5930400186808635	0.0014900178802580433	-0.005620367780309769	-0.10583800308422271	-0.018401577732035372
44.3	0.5959224546587325	0.0005562504051550288	0.002361087191178306	-0.13031312276152007	-0.020234313357028244
44.4	0.5859201384210864	0.0076213728571900285	0.007187492024664573	-0.14274665413372759	-0.006993698127493259
44.5	0.5635921506392985	0.020989503416211308	0.008643772506170707	-0.1426102056545952	0.018495749424618874
44.6	0.5301280939543955	0.037878446500361485	0.00686937315386942	-0.13056365993054192	0.05149053580234049
44.7	0.4873021603635125	0.05491279550485978	0.0023144222683242413	-0.10831397165191198	0.08598572983791614
44.8	0.43739109523539454	0.06873252382760525	-0.004334897889966567	-0.07837515846151749	0.11564167051653787
44.9	0.3830570852099193	0.07662947603729686	-0.012248626585380288	-0.0437681286308565	0.1349218187460695
45.0	0.32720031177801934	0.07709292529245326	-0.020551467491373123	-0.007696197937246494	0.1402635250804134
45.1	0.27278926327627917	0.07013634807688773	-0.028415640410510496	0.026766938457826215	0.1309892921782002
45.2	0.2226799592537303	0.05730524118016189	-0.035138159776735345	0.056944772427699575	0.10964312219765954
45.3	0.179437830121293	0.041331393540082306	-0.04019689809902629	0.08076115282538042	0.08154209133085388
45.4	0.14517661673260718	0.025503231185396324	-0.04327835735274906	0.09685562608215051	0.053573433939639314
45.5	0.12142809129565668	0.01289306831704451	-0.04428260036979724	0.1046240454720346	0.03250205951616458
45.6	0.10905463101201662	0.005651124446925171	-0.04330450089345948	0.10417955296642363	0.02326828708105122
45.7	0.10821273162696576	0.004553013262813654	-0.040598455909192754	0.096254065041806	0.027769877794456943
45.8	0.11837087572830474	0.008918385293358755	-0.03653289321174374	0.0820583050751495	0.04447993000962869
45.9	0.138379938730954	0.016906646713155893	-0.03154225315768544	0.06312418517227458	0.06898189442487623
46.0	0.1665890074893085	0.02608156093564884	-0.026083380888986367	0.04114949767546056	0.09521465145534491
46.1	0.20099476777070158	0.03406507551910465	-0.020595988662763656	0.017852222464916405	0.11702227053430081
46.2	0.23940976932417868	0.0390908742394902	-0.015477079653810908	-0.005141375564216104	0.12955644539062805
46.3	0.2796324745391452	0.040317439204313854	-0.011064368003912415	-0.026379822514563698	0.13018113879515458
46.4	0.31960287943618026	0.0378523719487458	-0.007629151236380961	-0.0446387783672778	0.11872449449535905
46.5	0.3575292193574924	0.03253382414969985	-0.005375681228269135	-0.0589482066416108	0.09713169999930532
46.6	0.3919751967326953	0.02557990618171707	-0.004443623064769944	-0.06860232194242342	0.0687252020402625
46.7	0.42190212094793356	0.01823404773230658	-0.00491061758906612	-0.07316041205733419	0.037339198036615534
46.8	0.44666576899531285	0.01150629487921978	-0.006792728179840458	-0.07244538362254539	0.006566845813614608
46.9	0.46597330376651214	0.006056484330901446	-0.010041046552328202	-0.06654323589332813	-0.020731142993251905
47.0	0.47980995370381296	0.002201501737108702	-0.014536062127273514	-0.055808752767320016	-0.0426179458372114
47.1	0.48834846482191274	5.550950325505788e-6	-0.02008023973453342	-0.04086742787764951	-0.05802120437561513
47.2	0.4918560830747808	-0.00061042599390293	-0.026392880446355644	-0.02261295156532325	-0.06652827831546186
47.3	0.490612987393687	0.00021705265274929442	-0.033109748035686844	-0.002192153898982345	-0.06814870228204857
47.4	0.4848540414366067	0.0023368622561798502	-0.03979089130547957	0.019029973613929666	-0.06313362981837865
47.5	0.4747418329442884	0.005585727835855092	-0.04593876918254171	0.03952993883963487	-0.051901838755647633
47.6	0.460374161028516	0.009764229301389704	-0.051027583142808405	0.05771212302120861	-0.03507950717361691
47.7	0.4418239089435143	0.014602087700622213	-0.05454285392010495	0.072019425028964	-0.013623791398889501
47.8	0.419204251492472	0.019725737160618984	-0.0560285223225124	0.08106133139358401	0.01102976322162505
47.9	0.39274827362551235	0.024640704804015978	-0.05513717459519033	0.08374856164862901	0.03687549554496239
48.0	0.36288940294677774	0.028743621257576624	-0.051677691205120065	0.07941990665047104	0.06138373114424828
48.1	0.3303284339966105	0.03138005099547353	-0.04565392406057743	0.06794556896724732	0.08174509327736956
48.2	0.2960740567706449	0.031957619107622515	-0.037292440026692866	0.04979910430885695	0.09532198428343641
48.3	0.26144669353688554	0.030110093996187692	-0.027044132178894013	0.02606615090117568	0.1002413739692824
48.4	0.22803989227397292	0.025872037152884775	-0.015569734430146	-0.0015938004016881116	0.09598452211765279
48.5	0.19763886282616283	0.019809150588255497	-0.003700780968999445	-0.031047578859846065	0.08377879574632441
48.6	0.17210114040206137	0.01303624267939174	0.007620566396611311	-0.05984456675176131	0.06660386211111191
48.7	0.15320963492909845	0.0070738403796473115	0.017418068424496374	-0.08541650929453391	0.04870723742686767
48.8	0.14251218688344203	0.003541252970025166	0.024767828224373987	-0.10530438482373225	0.03467279396766676
48.9	0.14116458402061904	0.0037445256658272807	0.0288865453546095	-0.1173913151815066	0.028256785449259247
49.0	0.1497943321042895	0.008270623422564238	0.029212650770682164	-0.12011860268859575	0.03133080432030766
49.1	0.16840136758715496	0.01672096777693033	0.025471426634443656	-0.11266156532030691	0.04328675891861411
49.2	0.1963086032677014	0.027693940443943688	0.017718309360560857	-0.09504668210798137	0.061137494836431716
49.3	0.2321701882461744	0.03905438081390711	0.006351221528597229	-0.06819489912597601	0.0803169255382784
49.4	0.27403988865546347	0.0484408500643807	-0.007906173275401988	-0.033882268358029724	0.09593721994689663
49.5	0.31949587029191584	0.05387457316150834	-0.024053380537550604	0.005380736153079072	0.10410094708055623
49.6	0.3658117984623702	0.05429023394383414	-0.04088926288663213	0.04654307457812069	0.10285792316579545
49.7	0.41015966843064855	0.04982453292202427	-0.057109784386103125	0.08626505723366117	0.09254603915540976
49.8	0.44982588834536286	0.04176784527304356	-0.07141753938229674	0.12120323067360031	0.07548595046721657
49.9	0.48242068641358926	0.03219249901943566	-0.08263386973943053	0.14830433919938127	0.055208827181754544
50.0	0.5060614257697318	0.023372772982478557	-0.08980314176909843	0.16508098681806707	0.03550238947246788
