0.0	0.009903759260587286	0.009729499023937271	-0.008903534395076192	0.008814823609061242	0.01943508077687872
0.1	0.03862163648082628	0.03598261761550314	-0.03437480625664975	0.03333968808787944	0.07165874648241077
0.2	0.08332887687290191	0.07100117109821225	-0.07292266016638024	0.06821555052713714	0.1408527316643471
0.3	0.1398063704177307	0.10483429178490322	-0.11944318920984345	0.10577020368166759	0.2074673646830444
0.4	0.20307235502170462	0.12854742873729585	-0.16813474320337884	0.13761583362999708	0.25483122496937527
0.5	0.26808587025743535	0.13670488671618297	-0.21349285763915457	0.15635934562371115	0.27354712880715165
0.6	0.3303889448569578	0.1283973773135217	-0.2511807049063033	0.15704912698360862	0.26252166862201526
0.7	0.3865757665426873	0.10666793214801562	-0.2786071880974663	0.13805899510762545	0.22722215286936956
0.8	0.4345205123869549	0.07685215961240321	-0.2951150141649576	0.10124134562132756	0.17668969955492345
0.9	0.47335060739768353	0.04466933449275273	-0.3017745773634268	0.051358750709145064	0.12063618935287396
1.0	0.5032066022316182	0.014754019700227189	-0.3008698692097412	-0.005019315420368264	0.06741495700406368
1.1	0.5248701835246057	-0.01003668257761306	-0.2952130102507726	-0.06089574077629148	0.022920672967372907
1.2	0.5393611380138678	-0.028568849680147695	-0.28745923140053303	-0.11016724193431113	-0.009553178296147685
1.3	0.5475978753770261	-0.04088399917750046	-0.27957876763022343	-0.1485921959307967	-0.02906053488202691
1.4	0.5501883265744991	-0.047561658528418205	-0.2725827297251028	-0.17423373606052006	-0.03639683444212881
1.5	0.5473782248475534	-0.049265714582116704	-0.2665258084783029	-0.1873591176257308	-0.03346127070981751
1.6	0.5391415838464748	-0.046590841318393084	-0.26075219533743177	-0.18986970923642982	-0.02268626196143725
1.7	0.5253646004938106	-0.040153594728679715	-0.25428680845553225	-0.1844647628815496	-0.0066349361834084075
1.8	0.5060567661664634	-0.030787626054134043	-0.24624572233302222	-0.17379636694984163	0.012251876587712637
1.9	0.48152462717212385	-0.019658294600482212	-0.23615896160129174	-0.1598182925524353	0.031774498944922624
2.0	0.4524616794471805	-0.008174023746677972	-0.22413053333993166	-0.14346979595384232	0.05004505744125079
2.1	0.41993565979230274	0.0022856291238370074	-0.21081151588494346	-0.12473304350858783	0.06555692739800228
2.2	0.38528472607506936	0.010696870276917125	-0.19721650561202259	-0.10299249452834047	0.07726978347076568
2.3	0.349956928580348	0.016623441244345838	-0.18445339683833892	-0.077551509659504	0.08468097929544144
2.4	0.3153391260212922	0.02024048854953797	-0.17345065555895317	-0.04813704490962176	0.08782025983290587
2.5	0.28261863910481755	0.022146876542499916	-0.1647589108845674	-0.015242020701052381	0.0871561130552273
2.6	0.2527071452598646	0.02306316178784762	-0.15847394590247738	0.019782120591426273	0.08343242264885198
2.7	0.22623556241795173	0.02355551831722469	-0.15428904739772956	0.05489023969019597	0.07750112282441257
2.8	0.20360828493472172	0.02389755054723741	-0.15164721096669195	0.08769906521099305	0.07020985792840384
2.9	0.18509030445271013	0.02410488019531165	-0.14993997611613166	0.11592183410130757	0.06237383831459076
3.0	0.17089536637043423	0.02409017301706229	-0.1486912928713126	0.13775664355871156	0.05480679727073101
3.1	0.16124779417270063	0.023840652158401476	-0.14767834638862593	0.15213381438051027	0.04835507382746684
3.2	0.15640257015862158	0.023521607223157548	-0.14696285418949254	0.15877572965783443	0.0438780924247153
3.3	0.15662301629577513	0.023459855712310573	-0.1468425168193027	0.15808838673751052	0.042141485793601
3.4	0.16212817730141393	0.02402014457838364	-0.14774499766298674	0.1509447826305247	0.04363495360716452
3.5	0.1730294528105295	0.025442431372548202	-0.15011060052244482	0.13845040253106797	0.048368974868987946
3.6	0.18927548743867928	0.02771567235239103	-0.15429866567840445	0.12176596884305114	0.05572956319011191
3.7	0.2106176934707571	0.030539328828686596	-0.16054146313542858	0.10203298338255065	0.0644613732558989
3.8	0.23659876606263897	0.03337763874508615	-0.1689444904465459	0.08039594689074599	0.0728125805064947
3.9	0.26655686471653683	0.03557235520245439	-0.17951509936239385	0.05807844174791719	0.07882734209041425
4.0	0.2996335086343851	0.03646742903739053	-0.19218477766419662	0.03643167021231541	0.08073086717672545
4.1	0.3347741764302604	0.03551476631973638	-0.20679585167225167	0.016892531792397508	0.07732530217713085
4.2	0.3707183986029561	0.032364511227008785	-0.22304168563722415	0.0008176747002744106	0.06832135353482738
4.3	0.4059871626540418	0.02695781683040671	-0.24036525671519085	-0.010798639536085607	0.05453194307708248
4.4	0.438886030083669	0.01962767028862744	-0.25785087459735007	-0.017653609329715485	0.03786841148726333
4.5	0.46754748418498193	0.011175075551976221	-0.27415788192647184	-0.020408678506220898	0.021098328209790546
4.6	0.49003412168644045	0.002847886557076351	-0.28754659065116567	-0.020794004264084554	0.007359171918673163
4.7	0.5045118119575145	-0.003854455733174389	-0.2960308759011584	-0.021460003977058544	-0.0005216771496666384
4.8	0.5094838617295594	-0.0075712147785969575	-0.29766098057270035	-0.025549725891595938	-0.0007795451647793772
4.9	0.5040555930831019	-0.00757994437450743	-0.2909019791677684	-0.03604146979283359	0.0066484091170673915
5.0	0.4881807438507052	-0.004212009868825639	-0.27503791534540095	-0.054984019284826866	0.01981488251484184
5.1	0.46283218540269355	0.0010469964983673696	-0.2505094825045705	-0.08279640878218451	0.03498633379326768
5.2	0.4300433926500048	0.005917034994393222	-0.21909138510679158	-0.11781652198495547	0.04749901865845324
5.3	0.39278504309666196	0.00809788219296731	-0.18383845884110867	-0.15624151558524846	0.05315738736943548
5.4	0.3546707281620769	0.006190867266009814	-0.14877567944140258	-0.19253294919449995	0.0497828974782345
5.5	0.31952073760288424	0.00036889381074201033	-0.11835538475667552	-0.22025353451603372	0.03828296285015226
5.6	0.29084592244084584	-0.0075306000054586875	-0.09676656282700503	-0.23320392095260775	0.022620662224834165
5.7	0.27133713070634324	-0.014577889174138603	-0.08721918986128119	-0.22664129810439695	0.00848717856011072
5.8	0.26245266093964903	-0.01776914639953353	-0.09134360199208709	-0.19832902930106783	0.0011645651057051176
5.9	0.26418453270524556	-0.015064319159817097	-0.10883132476946313	-0.14918511552022867	0.0035743650892794965
6.0	0.2750550615636562	-0.006025386796693399	-0.1374051264503564	-0.08336543187522019	0.015436433708017783
6.1	0.2923532933946025	0.008148270444457983	-0.17313385058037162	-0.007742091540370425	0.033802197113527166
6.2	0.3125756797185928	0.02510480448480701	-0.21105319468885686	0.0691565003407972	0.05446183712710301
6.3	0.331995116881197	0.042057947447721344	-0.24597567646171548	0.1385414043173601	0.07337685815347678
6.4	0.3472566663099782	0.05643449157117775	-0.27334057934487355	0.1928280171489633	0.08753001038439961
6.5	0.3558928009303859	0.06628776757214078	-0.28994114535651094	0.22687936907471287	0.09510911111306519
6.6	0.35666661335253125	0.0704868345845453	-0.2943909947077392	0.23878015375338324	0.09533116761704441
6.7	0.3496858962926602	0.06878170665055217	-0.2872461543223203	0.22999353322743385	0.08826980538707385
6.8	0.33627670317686786	0.06181260161164931	-0.2707652305577215	0.20487387485989444	0.07486068534377932
6.9	0.31865234425516487	0.05103395356803453	-0.24836991863733418	0.169652195592211	0.057005880586790014
7.0	0.29945286765795864	0.03847419531212598	-0.22392485231634607	0.13111586700438804	0.037541863910182216
7.1	0.28125260262973883	0.02630285075819483	-0.20099072986128613	0.09526612914480456	0.01985321491977482
7.2	0.26613479233224924	0.01629762335744911	-0.18220501011572698	0.06623537159144689	0.007109827616690212
7.3	0.25541273957960653	0.009402929179691877	-0.16891253339224047	0.04568490952781913	0.0013707173968979247
7.4	0.24954111587571526	0.005564149998338319	-0.16110513449753336	0.032784002907391877	0.0029459907848247147
7.5	0.2482171095274739	0.003908799416787234	-0.15766397915761735	0.024749447224654914	0.010325994497623281
7.6	0.25062948229203086	0.003186212726087656	-0.15682869294042445	0.017795800375019738	0.020714752114327273
7.7	0.2557828675974749	0.0022690043907612756	-0.15676838722565895	0.008255011385347183	0.030933423264245807
7.8	0.26281217919117006	0.0005185195584971325	-0.15611329644558752	-0.006403005301798406	0.038338921643664536
7.9	0.2712097317558031	-0.0020974414583111445	-0.15432025276773587	-0.026887677215361484	0.041459951145269625
8.0	0.2809134120048674	-0.005129706781320742	-0.15178993431719662	-0.05189466695553049	0.04020082473323944
8.1	0.2922412821160878	-0.00792294946441685	-0.14971727028605036	-0.07843448623171641	0.03561459576604514
8.2	0.3056976876564915	-0.009919891633730304	-0.14972265049931888	-0.10258273923123164	0.02936706275928508
8.3	0.3217076202012319	-0.010879528050010412	-0.1533609990985104	-0.12046475590811997	0.023086732533475207
8.4	0.34035396391898654	-0.010941605241381047	-0.16163967120758724	-0.12922328938603955	0.017834141875696097
8.5	0.36119047900820656	-0.010524070236646976	-0.1746670588079959	-0.12773133442089096	0.013874911049759298
8.6	0.3831840366219016	-0.010104856117814753	-0.1915222578879932	-0.11687858536190324	0.01081131944778077
8.7	0.40480668726759395	-0.009991026877065545	-0.21037983744027958	-0.0993664437041659	0.007958793349295834
8.8	0.4242610542959714	-0.010190002836019452	-0.22886063787792166	-0.07906746806681048	0.00474786359032775
8.9	0.4397890380602121	-0.010449910558978204	-0.2445245288265641	-0.06011029509222577	0.0009557246949762899
9.0	0.4499934617909992	-0.01044362090474349	-0.2553878113406609	-0.045913412671388716	-0.003297774060950859
9.1	0.45409861994610035	-0.009984232095970214	-0.2603424646284989	-0.03839866844940251	-0.007708284181909136
9.2	0.4520901419001767	-0.009140176556961255	-0.2593792666233479	-0.037577838889830906	-0.011951511328704895
9.3	0.44470280577833776	-0.008169330329338531	-0.2535677952559519	-0.041586135217955095	-0.015740323061307543
9.4	0.4332602269361705	-0.0073085950692629575	-0.2448021035174955	-0.04715155625112341	-0.018752734818002992
9.5	0.41940330451536967	-0.0065435597997718364	-0.23537530301411416	-0.050376222999102056	-0.020510506464168715
9.6	0.404768070070477	-0.0054973019885198315	-0.22748382912187284	-0.04763790434356278	-0.02032576893249391
9.7	0.39068211259350627	-0.0035107553498259225	-0.2227731495944251	-0.0364023493148825	-0.0173954641555934
9.8	0.37794126147357143	0.00011753446010154267	-0.22202073059439287	-0.01577087663490926	-0.01103014147762943
9.9	0.36670720533812173	0.0058419239016026525	-0.22501469285517287	0.013338624041749274	-0.000918789108053597
10.0	0.3565383786300731	0.013652229008802974	-0.23063815247331426	0.04838601164569071	0.012687003123378837
10.1	0.3465377346197527	0.02300192280026231	-0.23712295431057046	0.08570023939332051	0.02893365226560235
10.2	0.3355790213764128	0.03288673204129594	-0.24240380160382716	0.12113011903592392	0.04645986954722575
10.3	0.32256228047052704	0.04202708411546818	-0.2444915469345618	0.15070414557949693	0.06357413003559603
10.4	0.3066507420550699	0.04909444265925006	-0.24179169467087344	0.1711546525080849	0.0784589214791343
10.5	0.28745271073295964	0.052934245633855403	-0.23332200709633386	0.18024652727869966	0.08939301430586905
10.6	0.26512924765816404	0.05276162687669972	-0.21881540022382034	0.1768930258853431	0.09499268379778031
10.7	0.2404251828757894	0.048320003436565395	-0.19872184530965925	0.1611065273506076	0.09447722733954367
10.8	0.21463348335151033	0.039993857908497965	-0.17414524226499112	0.133872601068319	0.08793885380797717
10.9	0.18950773439000146	0.02885875330113863	-0.14674020456555423	0.0969983583424704	0.0765631976929031
11.0	0.16713590347323581	0.016638260729483823	-0.11860454781636574	0.053014650960541886	0.06270197665824084
11.1	0.1497828246891203	0.005533720335757275	-0.09216100023001726	0.005103110687457204	0.04968467619355832
11.2	0.13970323975575183	-0.002101428315485765	-0.07001623399651825	-0.042991574575395396	0.04127427440316411
11.3	0.13892608581661836	-0.004236182564719693	-0.05477347409244021	-0.0871350984948205	0.04076019600559366
11.4	0.14901589751586353	0.00028355480624198126	-0.04878198697950259	-0.12312363352746211	0.04984912800981112
11.5	0.17082837196817446	0.011246611663821904	-0.05382962117492889	-0.14715978184900186	0.06771593832498823
11.6	0.2042906461038908	0.02684859521698757	-0.0708089688034591	-0.15645659323423253	0.09068572251768581
11.7	0.2482479975443893	0.04390597380549299	-0.09942399649081396	-0.1498337027771561	0.11291289971594842
11.8	0.30042172079460594	0.05856913825107685	-0.13801357511897494	-0.1281677859172519	0.12803198340341737
11.9	0.3575136089458173	0.06739503804535418	-0.1835648818255334	-0.09453949608337914	0.13124519839803378
12.0	0.41547137157290726	0.06843670491225196	-0.231961200614125	-0.05397017311864186	0.12098338865443056
12.1	0.46989839643855646	0.061918390001391266	-0.27846055755789606	-0.012729280560052484	0.09940117018052452
12.2	0.5165581506216559	0.05017101878298591	-0.31834506122854506	0.02269782299162802	0.07152118494036701
12.3	0.5518960908549126	0.036793020815512695	-0.34763151140868975	0.04679405662420573	0.04348472206897343
12.4	0.573488408974657	0.02535420348323661	-0.3637047495696838	0.056095485896942784	0.020694466114853163
12.5	0.5803327527848052	0.018178630555671316	-0.36573481843251215	0.049916699940671175	0.006506235617581499
12.6	0.5729220230129327	0.01572490359548856	-0.35478371578216433	0.0305379663640364	0.0017650794106591206
12.7	0.553083088069789	0.016783733787559235	-0.3335611550969515	0.002767242658908252	0.005127005683656774
12.8	0.5236105406491136	0.01932081956759224	-0.3058723612673579	-0.027049622244099236	0.013930302365598404
12.9	0.48776873133264076	0.021505957393333386	-0.27587069645041074	-0.05236611006605974	0.025274056129944406
13.0	0.4487637360404354	0.02243330945676919	-0.24727429019263253	-0.06782549706375214	0.036909202906910576
13.1	0.4092922709287208	0.022255166440156904	-0.22272301931086552	-0.07037483294636257	0.0476226027642086
13.2	0.37125552667206796	0.02176898807202149	-0.20340828027791724	-0.059857466833590375	0.05701941685138981
13.3	0.3356861713854087	0.021756404825472864	-0.18905704172905627	-0.038932493756215374	0.06493338852823044
13.4	0.30288580593671044	0.022436836988909636	-0.17825921274292902	-0.012346117611858956	0.07086483627439721
13.5	0.27272034311767634	0.023290798321714323	-0.16904660927889878	0.014265718810350098	0.07378821611153913
13.6	0.24498437740322754	0.023307852385325845	-0.15957133927424064	0.03574905399568482	0.07244590289963004
13.7	0.21973185344549417	0.021523814846844624	-0.1487090361482955	0.048641081387512	0.06600060020907217
13.8	0.19748214920470109	0.017596632787765243	-0.13643369464973937	0.051921880769141	0.054756253017350764
13.9	0.179245804097379	0.012154579128233922	-0.1238708833343153	0.047129745234254374	0.04059770673781471
14.0	0.1663626618299634	0.006732399940782341	-0.11301926707418179	0.03782247309576602	0.026851124686131822
14.1	0.1601956128976213	0.00327288366246703	-0.10621431401989319	0.028527184427200404	0.017454119455090678
14.2	0.16176169119584072	0.0033689787975561547	-0.10547728023176524	0.023460451079945665	0.015639693073276062
14.3	0.17140010675157358	0.0075563381148117115	-0.11192081458701053	0.025344667632206698	0.022646256561361988
14.4	0.18856900281682454	0.014983506939383107	-0.12536366409102037	0.03462095401278021	0.03706534024628827
14.5	0.21183078241524889	0.023626649037691516	-0.14425932027575838	0.04926223079345335	0.05518598283284104
14.6	0.2390395422351066	0.030969046719279913	-0.1659642706474365	0.06523379502714603	0.07219901163212078
14.7	0.267693413296631	0.0348487762894969	-0.18728244686933965	0.07748555131808968	0.08370613541748934
14.8	0.2953734790090683	0.034117580586054574	-0.20515648273802137	0.08122814323859882	0.08690003014162268
14.9	0.32016880766221123	0.02887455505198988	-0.21733976971358565	0.07317749443687606	0.08105251921065809
15.0	0.34099000703916704	0.020258902792516686	-0.22288859981687256	0.052463978326609643	0.06733157269621548
15.1	0.357699607145087	0.009971302021394624	-0.2223548179188037	0.020972937737669624	0.04821115587635305
15.2	0.37103078034861336	-0.00023938153837382847	-0.21764400956523983	-0.016927894836477813	0.02676883163844504
15.3	0.38231491093165604	-0.008958192640942664	-0.21156310970660025	-0.05525154321590612	0.006049143056621603
15.4	0.3930820510676477	-0.015288607039660174	-0.20717126622716928	-0.08761236811376129	-0.011432595595705308
15.5	0.40462577431380664	-0.018865557056386872	-0.2070814336491387	-0.1085311912377283	-0.024018551781172043
15.6	0.41762984640915735	-0.019746129313979843	-0.2128682200007527	-0.11453465772450012	-0.03102416935223548
15.7	0.4319376587478617	-0.018226693500581925	-0.22470804782077952	-0.10481700979139047	-0.032604524579180366
15.8	0.4465117906682836	-0.014642135149650626	-0.24132095042584184	-0.08134196249104529	-0.029411746116783682
15.9	0.4595885110698499	-0.00922226284539085	-0.2602141336918317	-0.04839252275414032	-0.022199436500897674
16.0	0.4689907902690654	-0.00208187249400299	-0.2781628148025027	-0.011696097742313236	-0.011581707377763206
16.1	0.47253276733519867	0.00662734778785945	-0.2918183607529698	0.022666959694716687	0.0019232066572789919
16.2	0.4684341941683613	0.016464941955532053	-0.2983161495081343	0.04933622474794654	0.017602563051705128
16.3	0.4556670293609688	0.026492945978528915	-0.2957671910315779	0.06451811296678692	0.03419842463186934
16.4	0.4341754602321709	0.03526581323145106	-0.28355364322832427	0.06647457213092293	0.04973069683123446
16.5	0.4049392412651839	0.04109665594235207	-0.2623928753857163	0.05560047234915854	0.06167006211320464
16.6	0.36988100096721077	0.042542278832788105	-0.23418919758516363	0.03414317904355107	0.06750143032002859
16.7	0.33164477059437536	0.038930997745633356	-0.20172250023586455	0.005671074513188991	0.065545805006613
16.8	0.2932899897844954	0.03071712905187368	-0.16824934080509651	-0.025571426975855596	0.05575343023193752
16.9	0.25795091477893106	0.019504935132683254	-0.13708858729784978	-0.055291634671658076	0.040104944980339396
17.0	0.22850773374335454	0.007711040055808915	-0.11125122123288522	-0.07966472341472157	0.022349297698333992
17.1	0.20730471838253073	-0.002033669957429707	-0.0931503215076215	-0.09569389514187376	0.007057419828969735
17.2	0.19593765166592814	-0.007555868569733448	-0.08440454861155171	-0.10141527804878828	-0.0017220227690708523
17.3	0.1951211110137384	-0.0076834778386029035	-0.08572752928355093	-0.09598608750062007	-0.001712959778175538
17.4	0.20463744568900355	-0.0025055835028772178	-0.096899991682743	-0.07967845228424275	0.006916201524311494
17.5	0.22336514094688065	0.006709271929699168	-0.11680089544196652	-0.05383318423374236	0.021706341383078476
17.6	0.2493823117187256	0.01790329263290058	-0.14350069034153634	-0.020765592659984927	0.03880369982062082
17.7	0.28013983812704535	0.028805454648411888	-0.17441895630600604	0.016390324522049655	0.054221348195486796
17.8	0.3126955048665022	0.03751292404157852	-0.20654249283796502	0.05391782545068165	0.06498028498014757
17.9	0.343994627035316	0.04290915012503732	-0.2367100140731025	0.08785940351791525	0.06974614299866572
18.0	0.3711748504473108	0.044795519272656015	-0.2619412387839949	0.11445255928846869	0.06882452669141301
18.1	0.3918640071560968	0.04371987051033427	-0.2797807656436322	0.1306213344344606	0.06364197787675202
18.2	0.4044341418356824	0.040596457240879846	-0.28860905184843577	0.13444893494232404	0.056002456131514666
18.3	0.4081743520574176	0.03628926305731167	-0.2878663497777747	0.12553671120980872	0.04742951091309755
18.4	0.40335217709627	0.031334574745229715	-0.27814064616769585	0.10515758619468225	0.038808870631973996
18.5	0.39114787641485405	0.025902600653184837	-0.2610891631641583	0.0761405099238915	0.030401139952588557
18.6	0.37346611848449973	0.019976177040646748	-0.23919191861682115	0.04247314512471554	0.022150055979163752
18.7	0.3526516981994142	0.01361860963110062	-0.2153700260361889	0.00867255631636961	0.014099856955876788
18.8	0.33115464506719694	0.007165232032691038	-0.19253057770539445	-0.020972556186018725	0.006690157851991674
18.9	0.31120135004182836	0.001231078548362352	-0.17312316966699715	-0.043141063011932254	0.0007549568374822235
19.0	0.2945282844605972	-0.003468725437808573	-0.1587943709098279	-0.056028572233870304	-0.002786516082110224
19.1	0.2822231937346842	-0.006393678970310401	-0.1502029756743709	-0.059619006879232446	-0.003388658131867839
19.2	0.2746967684428655	-0.007398265570479734	-0.1470376421566707	-0.055580542929823853	-0.0012277239621323321
19.3	0.2717805090881411	-0.006794226766978828	-0.14822739216361294	-0.04681253616083362	0.0027536808287359493
19.4	0.27291947225289925	-0.005229384265227899	-0.15229491188984187	-0.03673542766175186	0.00713208552588801
19.5	0.27740846135799724	-0.003443285444995281	-0.1577693776374493	-0.028480356071359063	0.010478190170002732
19.6	0.28461155343311173	-0.0020067755984507496	-0.1635608711883851	-0.024163546550954134	0.011810145239133985
19.7	0.2941104403954393	-0.0011486977324320913	-0.16920639431203668	-0.02441671873530684	0.010854491375823339
19.8	0.3057455475844384	-0.00073038052022939	-0.17492711124736637	-0.02828956859328665	0.008045624739383361
19.9	0.31954195526181994	-0.0003683279496823344	-0.18148207672732822	-0.03355451128629211	0.004298205692736867
20.0	0.33554265383312887	0.0003517049888568935	-0.18985208385162997	-0.03735057448975375	0.0006590375886585398
20.1	0.35359716557574683	0.001663081243805986	-0.2008386255732547	-0.03700802729299582	-0.0020257021965275346
20.2	0.3731686375346661	0.0035035116282317036	-0.2146745121025817	-0.03086299448965545	-0.0033052960204009996
20.3	0.3932215486616416	0.005553080258201004	-0.23076046035292044	-0.018844793883779895	-0.0031270680417191665
20.4	0.4122353860892449	0.007401749117524115	-0.2476059240741563	-0.002677306852678538	-0.001691213368538863
20.5	0.428360261881504	0.008750144839512974	-0.2630095932257193	0.014381708013008318	0.0007182999791884859
20.6	0.4396948736797406	0.009520381838808045	-0.27445691046223825	0.028230354589878243	0.0038007414371364623
20.7	0.4446339346145828	0.009805399176453289	-0.27965529971652303	0.03489831443945131	0.007165670524975465
20.8	0.4422094638067192	0.00969004685242475	-0.2770844320849288	0.031581683391386006	0.010199051208982512
20.9	0.4323446730486814	0.009077409581637608	-0.2664350664902695	0.017497572392042145	0.01203400307799174
21.0	0.41595256945972536	0.007667698202703355	-0.2488166611409239	-0.005672667028886536	0.011759450513700503
21.1	0.394841945352124	0.005148184148713875	-0.22666675675001333	-0.03388674616208278	0.008873062403933596
21.2	0.3714352510606892	0.0015076853118834443	-0.20335882048623335	-0.06140779676956172	0.0038040665665836915
21.3	0.3483461329867007	-0.00271591518158365	-0.18257565170433124	-0.08192286246484719	-0.0018037895934744363
21.4	0.32789913942541904	-0.006423794649148162	-0.16757663227274702	-0.08986812847335582	-0.005326940072317654
21.5	0.3116921276587008	-0.008243231291975961	-0.16051099457531426	-0.08169757211435719	-0.003957580044255282
21.6	0.3002976644267479	-0.0069920046045314765	-0.16193482941934598	-0.056789036602913165	0.004239646495812932
21.7	0.2931734577090387	-0.0021256096027545412	-0.1706466008838931	-0.01777302539706811	0.01948882453932871
21.8	0.28880872471689456	0.006005723849101252	-0.1838898341097925	0.029812621684993042	0.04005317741775072
21.9	0.2850829575560384	0.016156713614911	-0.19789160607626496	0.07849036451619112	0.06262021731165679
22.0	0.2797663971096007	0.026409959338583144	-0.20863066478316322	0.12024087647835326	0.08308178653527126
22.1	0.27105934238281915	0.034555746118859254	-0.21267730752060626	0.14804842422231412	0.09741085038733172
22.2	0.2580568270636747	0.03857665600789684	-0.20792426844570214	0.15724443341275732	0.10246840332231949
22.3	0.241039578348185	0.037196609630275046	-0.19405764298253628	0.14639524001837767	0.09672027984873832
22.4	0.22152824897720436	0.030393510553355485	-0.17266744851482702	0.11753096987225292	0.08084613049485673
22.5	0.2020871779495791	0.019690207313765917	-0.14697626731038935	0.0756843106089397	0.05807487246066012
22.6	0.1859159363394538	0.008008939822373162	-0.12124725764050419	0.027852867376464512	0.033923379477108995
22.7	0.1763098336970087	-0.001015966039792482	-0.09999902259999506	-0.018379228946745815	0.015052895295609492
22.8	0.1760948924577126	-0.004137827629604907	-0.08719147078180194	-0.05625912406881513	0.007315951732223658
22.9	0.1871440879561832	0.00036218434360113516	-0.08554577993645561	-0.08102684537932298	0.013614426574689031
23.0	0.210060440655511	0.01196217760159235	-0.09612483964858372	-0.09059740786819671	0.032543607795358254
23.1	0.2440745148973239	0.027948356759553983	-0.11823776360662916	-0.08565929205249381	0.05860017331578149
23.2	0.2871585489603371	0.04424056904499307	-0.1496583233036702	-0.06922523459233113	0.08399325426817461
23.3	0.3363179695623715	0.05668522764628914	-0.18708300417298912	-0.0457847377160213	0.10128382492054577
23.4	0.38799177819067165	0.0623165307372745	-0.2267125711002345	-0.02028720383795138	0.10571082871130075
23.5	0.43848133951383883	0.06014009030424322	-0.2648287044901855	0.002810306137661314	0.09634331331087106
23.6	0.48433494982736625	0.05122948198557309	-0.2982555052145299	0.02022842256055551	0.07586878446994996
23.7	0.5226372306277972	0.038208102041412284	-0.3246405457847132	0.030182957115113197	0.049408053212097694
23.8	0.5511818595124951	0.024387105827283068	-0.3425416656939417	0.03233203602947997	0.022977339528082827
23.9	0.5685346244908216	0.01287833923083534	-0.35135415834309447	0.02744437652217183	0.0021020266466464516
24.0	0.5740143713011128	0.005919284356794896	-0.35114413075749973	0.016936215717795414	-0.009171724171735146
24.1	0.5676277241755416	0.004513373521304986	-0.3424617308291888	0.0024323830468513485	-0.008832870929951483
24.2	0.5499893546301169	0.008376489618001554	-0.32619291691084035	-0.014530714044131473	0.002914273868245859
24.3	0.5222464881453689	0.01612609255300146	-0.30347795098698144	-0.032610453898518736	0.02379341303272202
24.4	0.48601031312876286	0.025643806484720366	-0.27569020216090884	-0.050595995593364446	0.049904333725238365
24.5	0.4432835550022801	0.034544824350520476	-0.2444393731766408	-0.06726848128042923	0.0764589884214612
24.6	0.39636790761551466	0.04069795057200615	-0.21155706188159945	-0.08127878899550973	0.09873428276890187
24.7	0.3477391811869336	0.04268761755020223	-0.17902477413739762	-0.09114001558178073	0.11306691924691525
24.8	0.29988896877482807	0.04012050722222438	-0.14882967722608814	-0.09537785445194537	0.11763592951509855
24.9	0.2551467614274796	0.03368020463668486	-0.12276595875766293	-0.09280746858813435	0.11277897291263783
25.0	0.21550877882347397	0.02490215114439165	-0.1022244799513604	-0.08285686866200184	0.1007188173043021
25.1	0.18250500891078902	0.01573464649109313	-0.08802746203531452	-0.06582291458647052	0.08479673107032204
25.2	0.15713093612605178	0.008029621427910305	-0.08035905014533196	-0.042955426751837486	0.06850743271188331
25.3	0.1398568092133785	0.003130348349233758	-0.078818999557997	-0.016311329556627324	0.05469202218256264
25.4	0.13070753606415397	0.0016779583014133737	-0.08259212566164788	0.011611011812059882	0.045131853873157435
25.5	0.12938737629013075	0.003658171312263314	-0.09068854297433859	0.0383682060189043	0.04056279752056602
25.6	0.1354116936841845	0.008614374653884593	-0.10218692200373197	0.06206543405028266	0.04094199801770193
25.7	0.14820644351840762	0.015893541092461105	-0.11640905593407583	0.08170043634729617	0.045729225836661724
25.8	0.16714745820392252	0.024801011102970172	-0.132970673900253	0.09724475878096905	0.05402438711224544
25.9	0.19153196564722175	0.03460904000657661	-0.15169093613672885	0.1094234993583806	0.06455399243808557
26.0	0.22049927179847173	0.044457080656658654	-0.17238855042685292	0.11924675042584153	0.07562899012397778
26.1	0.25293817196721646	0.05325279564597263	-0.1946310787827645	0.1274251840524629	0.08522930183080285
26.2	0.2874284987365202	0.059695609070557376	-0.21752885135017258	0.13385702351707582	0.09129677959395682
26.3	0.3222595181257111	0.062477212094872114	-0.23965849852092722	0.1373658650730868	0.09217382869967644
26.4	0.35554867616555985	0.060618163660006164	-0.25916724574276895	0.13579955717376058	0.08701885827234734
26.5	0.38545474174540173	0.05380341507006592	-0.27406438185006426	0.12651879627792653	0.07600970647485
26.6	0.4104477574708656	0.04256060943324169	-0.2826433213859516	0.10717455965170779	0.06024495501230667
26.7	0.42957363750525535	0.028188112440193536	-0.2839326645883646	0.07658132899898576	0.04140384603948197
26.8	0.4426420607184327	0.01245407767558837	-0.27805160484932506	0.035442071696562605	0.021334018739637944
26.9	0.45027576197748975	-0.002814964613295945	-0.26635592080793097	-0.013304519500686328	0.0017439194764430621
27.0	0.4537879710882985	-0.016106538777448498	-0.2513043983727251	-0.06466378921732509	-0.015909848617166045
27.1	0.4548949903587166	-0.02644682297627604	-0.23604272125502224	-0.11231353112117629	-0.030374219081482634
27.2	0.4553144085127103	-0.03343911373184566	-0.22377571611587763	-0.14975904558136194	-0.04050813117269558
27.3	0.45633336019016524	-0.03713639881528147	-0.21706075610181078	-0.17167014434640368	-0.04526275589173351
27.4	0.4584472356911645	-0.03780402548445383	-0.21718335494739688	-0.1750956489552229	-0.04376513851947554
27.5	0.461160980417197	-0.03564923406773757	-0.22377934055270696	-0.16023789494581225	-0.03545685520115936
27.6	0.463013532793754	-0.030637826955526026	-0.2348015509329832	-0.13059349700292913	-0.02023847478191257
27.7	0.4618377372917357	-0.022523249632060482	-0.24686887131775095	-0.09237564146778847	0.0013680185972418935
27.8	0.4552137466137893	-0.011156011821935097	-0.2559391404118339	-0.05331733112902971	0.027992903282526932
27.9	0.441026857866889	0.003006449448046289	-0.25816940660349114	-0.021102615387465024	0.05715572256671572
28.0	0.4180122894168783	0.0184496141583792	-0.25077917540168393	-0.001766381288677509	0.08513740200875511
28.1	0.38616724666012203	0.03255242127468788	-0.2327252550002435	0.001580839069295696	0.10725728276511373
28.2	0.346935345143625	0.04215683595387615	-0.20503507709024507	-0.010583689960100198	0.11877334595292843
28.3	0.30311522066206675	0.04466322055174665	-0.1707190440908984	-0.034293706000323505	0.11637277666476126
28.4	0.25850318189082433	0.03921752466078943	-0.13427487696512108	-0.06293353784151182	0.09981248003343296
28.5	0.21733578055856584	0.027401722789422323	-0.1008865740215047	-0.08863020168572006	0.07289999985438145
28.6	0.18363977697013212	0.013003106368933093	-0.07548328955755149	-0.10389415954922067	0.043011126645263964
28.7	0.1606143517784402	0.0008630156539024547	-0.06186045958121909	-0.10313877029600992	0.01894076534552147
28.8	0.15016182184352878	-0.004754842862851327	-0.062026605107823235	-0.0837839062532635	0.007833451727397578
28.9	0.1526489784245738	-0.0015876316306615568	-0.07590899995171531	-0.04670676219218543	0.012619522013084805
29.0	0.16693212705047933	0.009977995460891731	-0.10145480769868079	0.004015652484779129	0.031194285587651693
29.1	0.19062496425180497	0.027223706905591283	-0.13508499601682686	0.06198053819658804	0.0576145457747268
29.2	0.2205424391339298	0.04614912031262153	-0.17238672175344932	0.11972919059711211	0.08452429919796539
29.3	0.253224979055923	0.06276092977446357	-0.20888954744254282	0.17012294959537608	0.10556614407513842
29.4	0.28544079441064996	0.07411209493403026	-0.24076463742568424	0.2075284029822511	0.11685358824337555
29.5	0.3145795318246397	0.07881057728264068	-0.265323162000796	0.22859652815435863	0.11727959431170026
29.6	0.3388821560327151	0.07697780417107175	-0.2812382148692838	0.2325165081306154	0.10799081648410785
29.7	0.35749230413309885	0.06983187702951604	-0.2884864172893415	0.2207483371024657	0.09152957763119418
29.8	0.3703522613322675	0.0591313154887409	-0.28806549151923255	0.19636865209579282	0.0710176582420953
29.9	0.3779947356036243	0.04667122542747676	-0.28158388296627196	0.16322097373193553	0.049536741484177665
30.0	0.3812944784576039	0.033938654269184576	-0.2708328814324982	0.1250854174603742	0.029712843348192353
30.1	0.3812400952839319	0.02195267912013965	-0.25743860697317184	0.08504946148358661	0.01345988263575576
30.2	0.37876970754491535	0.011262100804810105	-0.2426565288517572	0.04518865474785471	0.0018502974063012434
30.3	0.3746894402403178	0.002047066449190893	-0.22732649688661535	0.006576708665413903	-0.004895797985663558
30.4	0.36966882360817166	-0.005735962361636759	-0.2119631409836814	-0.030438860513820002	-0.007302026301020725
30.5	0.3642876994740607	-0.01221956848632505	-0.19692451311000506	-0.06581918710918568	-0.006420730083963044
30.6	0.3590996264363906	-0.017533897739872073	-0.18259360529604787	-0.09940860429858946	-0.0035516065047437873
30.7	0.35467801332473803	-0.02177001117420363	-0.16950837735090757	-0.13062947778120576	4.2940417212311566e-5
30.8	0.3516218020725109	-0.024987161203548935	-0.15840146448054993	-0.15837238057522693	0.0033584155068631105
30.9	0.3505131059004688	-0.027240242784284052	-0.15014124721849859	-0.18109302612246087	0.005755663229457142
31.0	0.3518354968531363	-0.028602705196285994	-0.14559534863588725	-0.19707436203548526	0.00694922967922873
31.1	0.355873835553263	-0.02916714661387193	-0.14545391800481222	-0.20476733736304792	0.006917332128170639
31.2	0.36262205363208133	-0.02901882010207546	-0.15006352537867737	-0.20312300632173455	0.005802549325470863
31.3	0.3717235509827097	-0.028187909443269377	-0.15931196425200658	-0.1918287286525366	0.0038679728586853424
31.4	0.3824607399939228	-0.026600329284060198	-0.17259150616459193	-0.17140105490769456	0.0015295797834145586
31.5	0.3937987152298794	-0.024052534042328155	-0.1888449675469048	-0.14312963765312803	-0.0005766655598195003
31.6	0.40447677364313783	-0.02023306933733232	-0.20668015529158287	-0.1089030266462645	-0.0015699311079503953
31.7	0.41313275012745065	-0.014800532955202617	-0.22452521872399545	-0.07097098024230074	-0.00041212452511577014
31.8	0.4184414292131312	-0.007508284327833625	-0.24079343009780307	-0.031702259864144725	0.003871613119677708
31.9	0.4192489399785304	0.0016524513445134725	-0.25403118295764165	0.006616519805691144	0.011883690240086842
32.0	0.4146896366152446	0.012330971869095042	-0.26303413303859585	0.04192046718814314	0.02354809544911593
32.1	0.40427758395274194	0.023757488725199727	-0.26692919837380635	0.07245087921020121	0.03791224285889855
32.2	0.3879700736307775	0.0347775266057318	-0.2652297779493381	0.09681078137355546	0.05314116672616698
32.3	0.36620274515657025	0.043996229840601975	-0.2578749998782048	0.1140229614670945	0.06674756351649969
32.4	0.3398958374508494	0.050027401354100165	-0.24525992735542473	0.1236115275053905	0.07605151169945001
32.5	0.3104283312542746	0.05181431373195716	-0.22825452772819782	0.12570525595614798	0.07880773139799441
32.6	0.2795741242937493	0.048957809722494194	-0.20819775516809214	0.12113343318878463	0.0738774105942282
32.7	0.24939361051454656	0.04195603750792609	-0.1868485505514926	0.11146861633005319	0.061761776843046234
32.8	0.22207702754703962	0.03225984800710735	-0.1662681435401447	0.09895250648513434	0.04479306913667508
32.9	0.19974336575192664	0.022057879048229978	-0.14862501416445487	0.08627268414503349	0.026805405334771493
33.0	0.18421011263874387	0.013794405408450783	-0.1359302321439995	0.07618093504848587	0.012264061587781372
33.1	0.17676087434609156	0.00951513372798174	-0.12972975232937844	0.07099095391147545	0.005038014363171972
33.2	0.17794801144480632	0.010232921243338522	-0.1308063732141795	0.07204329966503006	0.007211615207480149
33.3	0.18747110068192352	0.015543012026667968	-0.13895510862334398	0.0792574583985659	0.018399771939607068
33.4	0.2041666929989362	0.023660067186690004	-0.15289692172288633	0.0908923226008733	0.03587104832606569
33.5	0.2261303849867795	0.031905234146146544	-0.17037617073421246	0.10362363037812984	0.055446845182781146
33.6	0.2509692373909992	0.03749685435486372	-0.18845713471427114	0.11297787634543525	0.07279710711445797
33.7	0.27615565339743453	0.038370241404659056	-0.2039905143709527	0.11409036033188161	0.0846060555625961
33.8	0.29942866087799347	0.033740450793113	-0.2141787379874655	0.10267177198300262	0.08920864178684779
33.9	0.3191714699640521	0.024233883586052662	-0.21713636730501207	0.07600168022207676	0.08660219258352542
34.0	0.33468994757823534	0.01159064141398125	-0.21232758374416133	0.033732552614201744	0.07802089756623148
34.1	0.346328912316092	-0.001905322302990231	-0.20077742990991687	-0.021689651580812437	0.06537138806285048
34.2	0.3553898799688524	-0.014054046955759514	-0.18499138736337947	-0.08512048991933296	0.05075313433673534
34.3	0.36385195841226614	-0.02325034372034601	-0.16856791984846656	-0.14937100125605238	0.03612227594510181
34.4	0.373938412093788	-0.028778271405411004	-0.15556340929226192	-0.2063245591708878	0.02303164966581306
34.5	0.38760669303311746	-0.030859472284927192	-0.14972063252922052	-0.2483231053939889	0.012392965780993415
34.6	0.40606123080918133	-0.030451271108418	-0.15371128152854932	-0.2695522681547853	0.004333289232240606
34.7	0.4293893136475837	-0.028814850754945998	-0.16854940073175817	-0.26713807638766973	-0.0016756509792758278
34.8	0.45640036830171815	-0.026936821972711356	-0.19330467272192364	-0.24171481890345062	-0.006312272968737431
34.9	0.4847104498359369	-0.024988819786248506	-0.22518615327761154	-0.19732819002566984	-0.00968571439453142
35.0	0.5110646487555559	-0.02208024593872146	-0.25999046836380385	-0.14067774871847882	-0.010811010701338691
35.1	0.5318409174704641	-0.016508654242107706	-0.2928337313827324	-0.07984139476457165	-0.007670688211482882
35.2	0.5436401967958938	-0.006510799443168042	-0.3190108229961914	-0.022767133485697026	0.0020576639360937315
35.3	0.5438494631970148	0.00876025678003059	-0.3348206970735349	0.024177301612082897	0.01991116741737088
35.4	0.5310693055517199	0.028488192926548167	-0.33817905102633816	0.05726744212708149	0.04566980675478194
35.5	0.5053271611739129	0.050089938066356976	-0.3289002926399446	0.07588364393031531	0.07691641667575429
35.6	0.4680427717907345	0.06988341196482983	-0.3086008222938543	0.08228751803605072	0.109330372595215
35.7	0.42176524799426274	0.0842714329830721	-0.2802602457904628	0.08078720829592784	0.1376751563218144
35.8	0.3697478571837768	0.09092077440051938	-0.24755219920689378	0.07650543799065117	0.15719101041927475
35.9	0.31545738656339184	0.08942081477704344	-0.21410401551172142	0.07405124816842892	0.1649010880699876
36.0	0.26212259012210126	0.08117703370366314	-0.18285569086403788	0.07641589754748664	0.16032107381810212
36.1	0.2124092684048795	0.068672420173289	-0.15565422067645146	0.08434119345072595	0.14532278564768875
36.2	0.16827307714840523	0.054507636063380605	-0.13315626475074951	0.09629360833417025	0.12332046027491472
36.3	0.130994522067007	0.04067881458807443	-0.1150410188831619	0.10903123828182058	0.09826199528307955
36.4	0.10135518352761219	0.028366778863813225	-0.10044677948592244	0.1185889331495081	0.07390250952190103
36.5	0.07988159880653656	0.018219884373335438	-0.08850040418494842	0.12141998876928531	0.05355533579694394
36.6	0.06707095258563345	0.010863464715400895	-0.07878794188914713	0.11539613402341128	0.04016441473948473
36.7	0.06352371666532941	0.0072730234048477005	-0.07163658753153739	0.100412522769432	0.036337749069902725
36.8	0.06993831939948181	0.00873408598221892	-0.06813200659519188	0.07845127540177707	0.04402074928842514
36.9	0.08696452323785175	0.016333978979842123	-0.06986744894906043	0.05309840745083596	0.06374357423910482
37.0	0.11495373745604287	0.030190737435200843	-0.07849485156393474	0.028650364415362544	0.09372750910087968
37.1	0.15367526199448156	0.048799632434508355	-0.09519456014217824	0.009044640724095325	0.12939548938607026
37.2	0.20207995703639092	0.06889441859847312	-0.12020916551176063	-0.0031113545506716634	0.16381193526693838
37.3	0.25818420377872997	0.08602774274835823	-0.15256303824980977	-0.00716980217718395	0.18920191002440406
37.4	0.3191189698608138	0.09576032673449653	-0.19004585286601064	-0.004581550116110921	0.199120335531276
37.5	0.3813502911666039	0.0950453447284339	-0.22947038869103445	0.0014764977309908475	0.19041655658408307
37.6	0.44103715824702794	0.0832621145187743	-0.2671484122211516	0.0068795542837475805	0.16416971993556057
37.7	0.4944616406930653	0.06247169005246367	-0.2994779791409126	0.007537168202004965	0.12525993778299419
37.8	0.5384508892194291	0.036786683770703626	-0.3235129625960233	0.0003379996632843533	0.0808665135533959
37.9	0.5707147284377552	0.01111571732107211	-0.33739626909904596	-0.016159357513415875	0.0385613622798837
38.0	0.5900435155507288	-0.010228615562243998	-0.34057604253440116	-0.041434770680804645	0.004641403870286817
38.1	0.5963430172123055	-0.02455898787748012	-0.33377979723815904	-0.07314445190733479	-0.016932908883748654
38.2	0.5905169958276342	-0.03119013448552485	-0.3187767834131929	-0.10761917668779278	-0.024915423170329437
38.3	0.5742363069219295	-0.031164073814192034	-0.2980018975955878	-0.14057403015170278	-0.020560703505187877
38.4	0.5496490187272569	-0.026554431085346997	-0.27413446710347594	-0.16784819679239585	-0.006969712559982785
38.5	0.5190873453910247	-0.019669536898423406	-0.24971922252479883	-0.18601372938595617	0.011826393365797008
38.6	0.4848157215035096	-0.012417987321290513	-0.226890126665413	-0.19275095466773734	0.03184083620944872
38.7	0.4488453979796915	-0.005967818555152271	-0.20721967984435546	-0.18696729693570927	0.04995519497266321
38.8	0.41282077019006524	-0.0006931503913059078	-0.19167801973053122	-0.16871774736099848	0.06442296870252745
38.9	0.37796765088064577	0.0036709770978186063	-0.18066696704303148	-0.13900864623014614	0.07496067683456509
39.0	0.34508676272481653	0.007763952047395051	-0.17408377314667484	-0.09959399247051827	0.08243835460746807
39.1	0.314577711015936	0.012300059335749736	-0.17138289533440318	-0.05283154870442934	0.08828032753070814
39.2	0.2864864330387199	0.01778162636263192	-0.17162690123521168	-0.0016134325554026435	0.09376222401731571
39.3	0.2605779210032769	0.02426368332135287	-0.1735419572419334	0.05067094285496125	0.099416843678312
39.4	0.23644094070542032	0.03121726435541372	-0.17560836529931345	0.10021827736587553	0.1047316292223876
39.5	0.21362902703026465	0.03754748395705576	-0.17621601344878451	0.1430218661110229	0.10823910215799903
39.6	0.19183214476761445	0.04181054939611739	-0.1738959018228973	0.17525523145703	0.10799431897881051
39.7	0.1710582889703317	0.04263051152603703	-0.1676087838093961	0.19380337491842628	0.10232947581729479
39.8	0.1517901009424546	0.03923923170116439	-0.15703902503355682	0.19685965432131586	0.09069265671099669
39.9	0.1350732197933674	0.03198214311667469	-0.14281983497525463	0.18443825281109416	0.07432308493257123
40.0	0.12249630347017681	0.02257766837899311	-0.12661087625643905	0.15864146415840225	0.0564862948140582
40.1	0.11603873440972068	0.013936425757929638	-0.11097095255475624	0.12355347705537192	0.04202509626687312
40.2	0.11778893669947765	0.00946145084545924	-0.09901038209539703	0.08470924584773978	0.03613196879338754
40.3	0.12956846439042957	0.011952624990821281	-0.0938623325739531	0.04819171180124196	0.04255358003528675
40.4	0.1525259430227046	0.022457885870144856	-0.0980639326494663	0.019514439828944487	0.06182121681936126
40.5	0.18678253480860563	0.03954016321547671	-0.11297743234981741	0.0025285977599960757	0.09034240549798733
40.6	0.23121055947527291	0.05935750484699809	-0.13838049768295896	-0.0014033644447198808	0.1210029956112248
40.7	0.2834070455854668	0.076670884680346	-0.1723368357165301	0.006252944323602442	0.14528551389355082
40.8	0.33988817699390106	0.08648961448054765	-0.21139836460778064	0.021456797045327634	0.1561006251736633
40.9	0.39648471303288346	0.0857388540943319	-0.2511186249629183	0.03841448973114481	0.15009337459033747
41.0	0.44887489986554896	0.07427206449715884	-0.28678494172841423	0.05080867428330611	0.12846466978405918
41.1	0.4931589291875892	0.05481361818560132	-0.3142230555685348	0.053170174907590455	0.09614725888743916
41.2	0.5263677573391856	0.03188706286731316	-0.33050683306423834	0.042085270889894374	0.05994364486396321
41.3	0.5468106328091968	0.010223073927284193	-0.33442319013116006	0.01696204360636256	0.02651880936372157
41.4	0.5541993245421849	-0.006674314180690838	-0.32659578256627503	-0.019821309266946602	0.0009238203955849733
41.5	0.5495344108007552	-0.017273024687251726	-0.30924742417040346	-0.063420390194344	-0.014088892616403628
41.6	0.5347895151578459	-0.021913938554839696	-0.2856626438577545	-0.10756212854126028	-0.018032473837898702
41.7	0.5124707538195528	-0.022098258139883087	-0.2594785070432829	-0.14587235912987817	-0.012184367395380022
41.8	0.4851518786197937	-0.019600159592641386	-0.23396764912540152	-0.1731837984421872	0.0010795020832699564
41.9	0.4550846967244514	-0.015815254346221663	-0.21147232710368125	-0.18652991512898118	0.018856124426146814
42.0	0.42396068637258477	-0.011534706642932768	-0.1931132760514676	-0.18558992448859515	0.03807123907385748
42.1	0.39285861137601463	-0.0071102453631518014	-0.17881587572182173	-0.17251602509834632	0.055674579165789606
42.2	0.3623661311832094	-0.002797812137799116	-0.16762848778212233	-0.15120392959739837	0.06882646750670096
42.3	0.33282059729205293	0.0009732088852161813	-0.15823350250416698	-0.12619847933736733	0.07521237967217359
42.4	0.30458742561129215	0.0035754114444191964	-0.14950761709147528	-0.10151864637226514	0.07349849713812173
42.5	0.2782883442150612	0.0044332289115828205	-0.14098148582638018	-0.0796925520350036	0.06381050392961152
42.6	0.2549088496095022	0.003424709578658147	-0.13307843330747807	-0.06123505155086211	0.04803089523783627
42.7	0.23574820491549908	0.0012119068095993724	-0.1270709078234771	-0.04468609307383561	0.029698348059642665
42.8	0.22221840876878207	-0.0007222228693343213	-0.12476605176739398	-0.027187621920249434	0.013376084787928844
42.9	0.2155398821964093	-0.00043454280717913907	-0.12800097854108838	-0.005444984802227155	0.0035413735909777255
43.0	0.2164103433231721	0.003809004471705957	-0.13807498482309793	0.023172535512330943	0.0032944233192589434
43.1	0.22473348772362745	0.012814424336722086	-0.15526465731762634	0.05966708576453259	0.013363476283640374
43.2	0.23948251605164805	0.026009660427614212	-0.1785474021054045	0.10282869964722377	0.031841045016847536
43.3	0.25874454425733817	0.04147277015422868	-0.20560661658726012	0.14917226819200763	0.05478807776555106
43.4	0.2799507453246044	0.056436501095041725	-0.23313451214498584	0.19342641899226715	0.07743635866751492
43.5	0.3002550680668712	0.06805741838140089	-0.2573719705442922	0.2294663529237113	0.09546677710996665
43.6	0.31699051730976546	0.0741497569605683	-0.2747754844854327	0.25148763387887474	0.10589690685063757
43.7	0.32811367887640575	0.07364634740185805	-0.282671950520668	0.25516540749101224	0.10739785109515476
43.8	0.3325497146392885	0.06670714196466193	-0.27976577025282684	0.23855140087799245	0.10016088818555108
43.9	0.3303699433795775	0.05454464771864759	-0.2663955511298794	0.20252324494622267	0.08557175274912998
44.0	0.32276837827028704	0.039097875357131884	-0.24449166372048267	0.15070087731219614	0.06590044383852356
44.1	0.31184327037493853	0.022657219215273472	-0.2172473863654654	0.08885764222170868	0.0440563607341275
44.2	0.3002274642746581	0.00748108918003576	-0.1885751196690602	0.02395494863063834	0.023310502305714076
44.3	0.2906380921734971	-0.004581211994680312	-0.16245657057657248	-0.03698543508815939	0.00683979890542169
44.4	0.28542834465208533	-0.012425843136656789	-0.14230954825026854	-0.08797251534198904	-0.0029361064641371115
44.5	0.28621914113865043	-0.01590092313330954	-0.1304856958823657	-0.12488503423005752	-0.005048023459198969
44.6	0.29366890266334644	-0.015788883923997687	-0.12797890223847255	-0.14592974657579597	-0.0003648172305849573
44.7	0.30741097885407087	-0.013527835445762026	-0.13437807266414736	-0.15167016108615838	0.008607044819506249
44.8	0.326156224526547	-0.01074161828033221	-0.14805024558098734	-0.14466354737370182	0.01852194251122541
44.9	0.3479299019013513	-0.008740807171814968	-0.16649922136775175	-0.12881466945901113	0.026281156235439473
45.0	0.3703927437711597	-0.008178440279577315	-0.18682000961229156	-0.10859465745458903	0.02994454277307615
45.1	0.3911876777053307	-0.008978851187048387	-0.20616266654922888	-0.0882785086881736	0.029114117600373857
45.2	0.40825714899536736	-0.010535400021673191	-0.2221319777084211	-0.07131972462516871	0.024717032186069243
45.3	0.42008828217439476	-0.012074772732381167	-0.23306406436084603	-0.0599680870011577	0.018374806354899853
45.4	0.42586085623925696	-0.013009492987499038	-0.23816660308478532	-0.05511466242937876	0.011679559088274616
45.5	0.42549149723868884	-0.013149165931187035	-0.23752177949857728	-0.05636340825729157	0.005660184411268615
45.6	0.4195828416041423	-0.012705485364732816	-0.23197850341087103	-0.06226229313264462	0.0005905402148662642
45.7	0.4092971746275442	-0.012119063349170955	-0.2229693266041606	-0.07062277735349659	-0.0038545323083459537
45.8	0.39617857524764355	-0.011800009650858923	-0.21228796701466404	-0.07886421323922695	-0.00821050725630551
45.9	0.3819476885472429	-0.011892809191127618	-0.20185625473765784	-0.08434067251390355	-0.012781306533821452
46.0	0.3682906604594315	-0.012152996104864089	-0.1934996407000022	-0.08463160657731929	-0.01732662912622243
46.1	0.3566604398757862	-0.011975065432300314	-0.18874237077114225	-0.07779639209910917	-0.021001618334844763
46.2	0.34810627727132415	-0.01055659436442058	-0.18863075639373347	-0.0625959335427373	-0.022567522542477403
46.3	0.3431458717866632	-0.007143876308314312	-0.19359102456944954	-0.038689620345949395	-0.020785596897099745
46.4	0.34169442356375124	-0.0012767294807645713	-0.2033381257953685	-0.006779673367460509	-0.01483450918257162
46.5	0.34306324825138457	0.007038583333142112	-0.2168529424246063	0.03132255561296376	-0.0045964700445401685
46.6	0.34603631372889687	0.01727507787941368	-0.23244864673627175	0.07275387201983753	0.009271905184968343
46.7	0.3490251650854763	0.028452816031266093	-0.24793428432184597	0.11381333591120024	0.02546764161017523
46.8	0.3502909247648508	0.03929888541732279	-0.2608785211208782	0.15034975406645681	0.042278899197404185
46.9	0.34820913050750135	0.04844981666636161	-0.26894551295228863	0.17829204035150745	0.05783248596226337
47.0	0.3415405358252891	0.05465655567772243	-0.2702601847583064	0.19425552241189734	0.07030091644990433
47.1	0.3296639155368072	0.05697277423913355	-0.2637403010788437	0.19611761918506626	0.07808590289674933
47.2	0.31272704832983755	0.05492336189680552	-0.24932861435981313	0.18344132673546806	0.08003528195861226
47.3	0.2916820484202133	0.04864191755715486	-0.22806834224681652	0.15763746122063052	0.07573087634317349
47.4	0.2681901465451386	0.038939693199485315	-0.201991086751667	0.12180009356977559	0.06580361624273501
47.5	0.2444053296754244	0.027246886881352572	-0.17382337764458397	0.08021681140138623	0.05212779558070757
47.6	0.2226715379663058	0.015382274886621694	-0.14655843409388297	0.037631142874614304	0.03769191766926694
47.7	0.2051878561767122	0.0051686725119688415	-0.12297411571356456	-0.0015978149586596791	0.026015394467644115
47.8	0.19370534944626105	-0.002008947539199224	-0.10519401111094141	-0.034264298878604965	0.02018665308634915
47.9	0.18931427601285455	-0.005541942125640742	-0.09438922171359694	-0.058824904931467054	0.021851009662727683
48.0	0.19236175411244505	-0.005703669798595157	-0.0906863470227789	-0.07552367145246112	0.030576083374943774
48.1	0.20251102379870423	-0.003473483641703745	-0.09329903160263234	-0.0861051027437366	0.04391399038191546
48.2	0.21892042210957763	-0.00015164666010059058	-0.10085417554562982	-0.09315897115535408	0.05815968269563443
48.3	0.24049164124058853	0.0030735349699573256	-0.11182854529319677	-0.09926029654183671	0.06949335763308301
48.4	0.2661199198441474	0.005439860544963149	-0.1249829612209852	-0.10612080682762955	0.07505535901792237
48.5	0.2948783740059082	0.0067111191747805665	-0.13967764218037917	-0.1139783232382546	0.0735884010624282
48.6	0.3260863092894949	0.007071949584117387	-0.15597952373950594	-0.12140037609511638	0.06551123489819421
48.7	0.35924291143243114	0.006913529373557603	-0.1745247722335081	-0.12557788959978491	0.052527264028246756
48.8	0.39384592679557995	0.006637017715835081	-0.19616284261969152	-0.12306563330274589	0.037017371998711274
48.9	0.42914989648794377	0.006571615940209885	-0.22146949527031787	-0.11080552274191377	0.021489526924490993
49.0	0.4639414590997345	0.007046570318673062	-0.25026446079222986	-0.08716348432724214	0.008256711188967786
49.1	0.4964119078403897	0.008550220305622913	-0.281271129794473	-0.05271724932882446	-0.0006547258584642113
49.2	0.5241890667178684	0.011841434636279985	-0.31203415838635795	-0.010557360322076752	-0.0035153145278204734
49.3	0.5445535904035517	0.01785670955303545	-0.3391517676283432	0.03402121511217717	0.000983503950450007
49.4	0.5548186124386367	0.027330920430917505	-0.35880193090632495	0.07441260218661411	0.013390332214535186
49.5	0.5528061691490191	0.040216677924625965	-0.36746497975434284	0.1040057516199536	0.03301014790109931
49.6	0.5373220735879621	0.055173410153729036	-0.3626879249533137	0.11761631535053832	0.05748931068734901
49.7	0.5085205017666716	0.0694786204376264	-0.3437136385807555	0.11271156058160293	0.08274061932055486
49.8	0.4680652015404392	0.07958940313112217	-0.3118154858868476	0.09011636818037319	0.10345968916332735
49.9	0.41903293530351793	0.0822896229235987	-0.2702476982872093	0.054038720319482106	0.11436449654182804
50.0	0.3655585531329759	0.07598029909790116	-0.2237909529344159	0.01134373189640917	0.11198199082967125
