0.0	0.008695922969993108	0.008479993470841607	-0.043512348899144765	0.04307928837216263	0.016956874833621627
0.1	0.026797599094896873	0.024882005120177908	-0.13253639250200552	0.12843287377494628	0.050057222919641986
0.2	0.03858364446951312	0.03292395319187924	-0.18666605486141793	0.17332199909851426	0.0681775473173023
0.3	0.03603953614485256	0.026349362467903537	-0.16818541855920738	0.14466785309657298	0.05890876390482225
0.4	0.024813114376744383	0.012977996239374012	-0.11067337591751572	0.08524773042092937	0.03450206445932824
0.5	0.01593854833866959	0.0046713229649347765	-0.07150740505000919	0.05580267946727231	0.016390781276884425
0.6	0.01448489799832653	0.005106148587878612	-0.0718783534289426	0.06990865166369833	0.01389356294602273
0.7	0.01737454676599537	0.008796738965503814	-0.09002608562444821	0.09463325485624449	0.0191010070170482
0.8	0.019901175696828588	0.010212027492194742	-0.10041052398551534	0.10101359910729105	0.021820381164379454
0.9	0.021144301495540696	0.009641224427299644	-0.10197627099880965	0.09422675147992748	0.02127583104166142
1.0	0.0226869422167133	0.010135183500866063	-0.10688077527614874	0.09389398173236732	0.022035604351635762
1.1	0.024691554406357397	0.012053795904361952	-0.11658384296292988	0.10277278416100419	0.024891778463483116
1.2	0.025418980097466126	0.012892220352742623	-0.12044716987403056	0.10700103691449096	0.026083288833647855
1.3	0.024002124918329648	0.011411500960050058	-0.11321846911391056	0.09969552858474487	0.023520176104495083
1.4	0.02180459604781415	0.009365233550041263	-0.10273768250369565	0.09028184494767667	0.019742938538257482
1.5	0.02058108487495891	0.008785939281213517	-0.09843706118465827	0.08921736984560166	0.01814036056257451
1.6	0.020463024945280628	0.009366972006834895	-0.09976009917944403	0.09390021265459847	0.01862877144930486
1.7	0.02050020586053891	0.009564264475974249	-0.10035981468141372	0.09529975812525589	0.018885441215843457
1.8	0.020429249298786423	0.009128176583276248	-0.09898732298355653	0.09221990347524596	0.018360069213906205
1.9	0.02088894946580444	0.009183347177844192	-0.10020013547959539	0.09145328083985903	0.018696427804676508
2.0	0.022078912990816546	0.010187653882939962	-0.10569904388428623	0.09595550467887089	0.020586842509029202
2.1	0.02317401262190144	0.011129785892316835	-0.11081530162388066	0.10033471307684362	0.022409301093217038
2.2	0.02335983281266063	0.011050342475428021	-0.11105197175304621	0.09949013302962337	0.022539560555431715
2.3	0.022806576616662633	0.010358284049491906	-0.10790391368531414	0.09589350624773649	0.02144078273094463
2.4	0.02218281938019262	0.00999427252622942	-0.10546955997061364	0.09471407252905144	0.02052171391226887
2.5	0.0216660166686784	0.009957497813278038	-0.10417502733060549	0.09553962631702764	0.019947550077664244
2.6	0.021047390254574916	0.009563710203658982	-0.10168033348914658	0.09396454297136987	0.018956447577730517
2.7	0.020609702360450566	0.008919362557156862	-0.09890680692998531	0.09017893403270871	0.01798753578803014
2.8	0.02111147481672948	0.009135909942295961	-0.10060804797142724	0.09051070298491005	0.01883199106917577
2.9	0.02256825124159656	0.010687344543761523	-0.10809313740596721	0.09830387626200487	0.021914342109983664
3.0	0.023564063037323724	0.01218838053730742	-0.11429947880952854	0.10666169616766434	0.024464230601699777
3.1	0.022490181062367665	0.011589495734242505	-0.10990127606716979	0.10426460986234444	0.022880769060348416
3.2	0.01966289965231205	0.008692688064874332	-0.0951403390017101	0.08893838825163458	0.017281777021900147
3.3	0.017814212774937888	0.006144883883517416	-0.08356848301162695	0.07351125320857839	0.013099584237077577
3.4	0.019832092844793814	0.007397224022391846	-0.09109008150714158	0.07592857736063253	0.016844412694101307
3.5	0.025477338175485142	0.01305478539313465	-0.11867706419251485	0.1011235367600973	0.02888497901786391
3.6	0.030343056403295265	0.01923972849608324	-0.1454288905722334	0.13116315995008776	0.04084341154565607
3.7	0.028941077597563702	0.020209388968176922	-0.14259622049864912	0.1360779557565798	0.041650017627222535
3.8	0.020124056022378434	0.013567425313476544	-0.10126196284091123	0.10147921537221707	0.027588159345261265
3.9	0.009890885944850658	0.004058072370473953	-0.04910825707086776	0.0496887399630563	0.008795202678339664
4.0	0.007572504567704752	0.001336107321295632	-0.03373955257764451	0.028075466698431528	0.004429561804436322
4.1	0.017278418544253493	0.010751372469410936	-0.07904044555755141	0.06555318919713318	0.024051169091191538
4.2	0.03246956050979599	0.02616540802333578	-0.15448707752217028	0.13677196789901147	0.05413624015049778
4.3	0.04036516751536856	0.03468014824586951	-0.19511003417066405	0.17766912335249976	0.06983193926668996
4.4	0.033539339087559794	0.028589435068420044	-0.16154747639466535	0.1467442654433455	0.057643132260219776
4.5	0.01752554591552291	0.012808420956370914	-0.08152681411129709	0.07069797205111182	0.026907858262140483
4.6	0.005988422564411344	0.0012943317908705732	-0.0256226879656177	0.02073265033537961	0.003968549186920911
4.7	0.00777571730585036	0.0034291448029850624	-0.03859002074761488	0.04001576869466769	0.007726723521036205
4.8	0.0191770992315744	0.014270099041842954	-0.09836369966805787	0.1010745356835186	0.02945485514754531
4.9	0.02913284636078972	0.021438695624762194	-0.14549557610923292	0.14043771581596673	0.04559791145426395
5.0	0.030848267830308584	0.019063348328048124	-0.14679217071993067	0.12882717425588322	0.044258205173734244
5.1	0.02686215423086169	0.012181304858858266	-0.12109833818602742	0.09541715295998199	0.032847814261035224
5.2	0.023348696228086663	0.00883240031899557	-0.10463916394682167	0.0832601864799013	0.025071216669032226
5.3	0.022182289856372717	0.010184716675476047	-0.1055359544200944	0.09643658220035313	0.02431590573915332
5.4	0.020525505384488718	0.010888240903607072	-0.1032794508188952	0.10374392584060516	0.022924607309890987
5.5	0.016921064739957137	0.007872453697273407	-0.08613586204174792	0.08718754000690726	0.016215500342193878
5.6	0.014615965079002868	0.004845871582640604	-0.07173139341007616	0.06757760780142323	0.0105746834160243
5.7	0.017446284006195967	0.00699820211673996	-0.08329511732960801	0.07475748391934635	0.01480342220931663
5.8	0.024122060352152253	0.013387165951086466	-0.11573864375909589	0.10542670462426354	0.026828211137464697
5.9	0.028910521310035686	0.017565237076898943	-0.13855780376014856	0.1260035066662157	0.03516800772260298
6.0	0.02803337481822621	0.015549140462987276	-0.13192478108091918	0.11548045982373464	0.03267975797517719
6.1	0.02357608687630508	0.010356179519828257	-0.10849974795213911	0.0904090302742146	0.023894243613924893
6.2	0.020253290004480617	0.007684457832178526	-0.0943069577265498	0.08068945944531025	0.018382559511800345
6.3	0.01974239791373178	0.008805367569923006	-0.09651025489524073	0.09123562277549795	0.01903493709803994
6.4	0.019859982095873474	0.01004540162855827	-0.10013018485733023	0.10029618990204832	0.020289025982958564
6.5	0.018791570785812284	0.00874738703142064	-0.09381762012445115	0.09266105330830625	0.017779088115258412
6.6	0.017995052018455193	0.006935952290870184	-0.08665590537524999	0.08006682422238232	0.014842140152811711
6.7	0.019935709747930686	0.008112989302689555	-0.09403846153660601	0.08277346426644042	0.01733787808819942
6.8	0.024219231156316856	0.01210069693733884	-0.1146565986028438	0.10093649778712344	0.024916335531851908
6.9	0.02755702606664212	0.015144860222072731	-0.1307006954824634	0.11530533228386258	0.03109840660076546
7.0	0.027369100103358468	0.014693174590644786	-0.12906752655447434	0.11297026561485304	0.031017311732618902
7.1	0.024122705012100343	0.01188692725724394	-0.11383422195861168	0.10057979339949628	0.025795891539050264
7.2	0.01999246047529213	0.009078470118691895	-0.09656634111777339	0.08997370523564487	0.01942393613369775
7.3	0.016686068864878556	0.007004878332677378	-0.08326487167848376	0.08229520920292135	0.014336795327162144
7.4	0.015441476512174201	0.005752103227761207	-0.07678081324047457	0.07488279596701641	0.012078766065246493
7.5	0.01771876545505524	0.006886448520502242	-0.08452758119389361	0.07582463979211468	0.015690211028680068
7.6	0.0236459282968724	0.011924913986652297	-0.11097604232396838	0.09642884464293175	0.02654226881580568
7.7	0.029640633754121515	0.018411687718068226	-0.1413176324650216	0.1272637258839044	0.03854086628041653
7.8	0.029944056555177956	0.020216005049881747	-0.1455729755091268	0.13634888022060154	0.04046796927728069
7.9	0.022625795634228396	0.013966218821725884	-0.11041017295175633	0.1039980659087198	0.02746405043458444
8.0	0.013496735301070095	0.004678332336016666	-0.06332847624806794	0.05477580798900634	0.009807695276912165
8.1	0.011713716902928217	0.002444533303871732	-0.05219570791008668	0.03979862501497413	0.0063872945816337845
8.2	0.0202219681484197	0.01131173564236676	-0.09440223958329527	0.08104563306233112	0.02397848977132322
8.3	0.031500072669937595	0.02349966920815494	-0.1523855394959224	0.1414737625295758	0.04706686223327816
8.4	0.034347861689180914	0.027278948999124197	-0.1681903126085566	0.16018119167573372	0.05382104895157325
8.5	0.025224415943568612	0.018857378614128617	-0.1230616761142155	0.11648412470704764	0.037395002131626276
8.6	0.012141954549777956	0.006030937221297328	-0.057857840505324644	0.05203264600380981	0.012215840245829002
8.7	0.0069556309468614685	0.0009422488982930854	-0.032559660764225284	0.0275838837444467	0.0019224022955620645
8.8	0.014120648550599024	0.007982468999654935	-0.0684410653865741	0.06283140010046387	0.01588231202911139
8.9	0.02711408354867506	0.01977725485715276	-0.1313789539752961	0.12160780063328039	0.03994295134548942
9.0	0.03519325986291899	0.025729198983260315	-0.16806828168239776	0.15175302561294127	0.05324275323436867
9.1	0.033000150725335686	0.02188512367927964	-0.15442734814922998	0.13386816279328653	0.04732918302663369
9.2	0.023992513002888627	0.012680575395694116	-0.11042596253442069	0.09224363719708478	0.029658598153786797
9.3	0.015813004071371428	0.005637601798177627	-0.0743402647482971	0.06494654025048097	0.014700095447069739
9.4	0.01325651539920214	0.004564080458035136	-0.06722421143502495	0.06784079201953433	0.011044200571761364
9.5	0.015493860520503833	0.00729993110537297	-0.08107514503636977	0.0862692192235121	0.015771559657803302
9.6	0.018980059844370678	0.009598084562275622	-0.09618194587820404	0.09713751711307539	0.021103959972298747
9.7	0.021827264528952228	0.01010260329284196	-0.10456423748677589	0.09500956063888161	0.023894774133352725
9.8	0.02473760198775432	0.010995151346122722	-0.11371758092036723	0.09431357506671113	0.027069142691222847
9.9	0.028125015321974756	0.014039400456755557	-0.12917003630437904	0.10674766257073393	0.03279229102698
10.0	0.0297572494732129	0.017069222227176883	-0.1399425945058201	0.12197467836867965	0.03689621769091467
10.1	0.026651480881654144	0.01593413758142226	-0.12829886275620228	0.11758093661162852	0.03269987907123029
10.2	0.019388343863565916	0.010008126110162663	-0.09445782712617155	0.08891361190073528	0.020060160658094683
10.3	0.013148056041372369	0.004271194616994101	-0.06423490587190332	0.06102867359432582	0.008542374555064347
10.4	0.013087771804435655	0.004409425988245674	-0.06480833228659477	0.06302575373687287	0.008743232474500151
10.5	0.018848900416581604	0.010054138273947855	-0.09428352705743065	0.09295792843356772	0.019869286642892003
10.6	0.02487556041302308	0.014972798688301592	-0.12287004268928967	0.11817977621142993	0.03031457624271572
10.7	0.026548556468595552	0.014441992436157403	-0.126678603522301	0.11392124828956543	0.031335217476265
10.8	0.02483915800792047	0.01060579496054237	-0.1133782003982027	0.09262236834713729	0.026085879904171327
10.9	0.02389543712340403	0.009275034776364821	-0.10788326083634149	0.08597452226992645	0.023971404506600513
11.0	0.024978420453874106	0.012079941610899092	-0.11740505408950062	0.10256774096607682	0.027723364931319994
11.1	0.024830688850394522	0.014356311811518863	-0.12213031120499056	0.11676479508764281	0.02984453755636629
11.2	0.020596340567610283	0.011657044370275038	-0.10370215467326732	0.10346927403323339	0.023270384696633672
11.3	0.014641429990559063	0.005949267974214356	-0.07328748654012619	0.07255352104282609	0.011901153387263164
11.4	0.012709984714445954	0.003620951976187725	-0.06167339293582962	0.05782942655601818	0.007531221176898417
11.5	0.017554536508350704	0.007874899942426294	-0.08391180137026907	0.0761935006687096	0.016229513819408847
11.6	0.02581958930954975	0.015101621018148603	-0.1227642500897389	0.10983179170490434	0.03135344593037426
11.7	0.03145161668278473	0.019454442839333508	-0.14824706663711815	0.1299468618964876	0.04154985998257377
11.8	0.030991441756307192	0.01867569377086209	-0.14541020150137215	0.12624922994854387	0.0411600600513603
11.9	0.025212002785171994	0.01426411424583296	-0.11976009874538385	0.10709934739026576	0.03176616097718199
12.0	0.01737637961217342	0.008477757692625931	-0.08540867186420928	0.08216942407222545	0.018470213825717008
12.1	0.011642643658369756	0.003752868604766868	-0.05873538500085159	0.05935072690298765	0.008172757788161289
12.2	0.012047507550252745	0.0036518965159426653	-0.058370848950223854	0.05414428621414301	0.008822151499306985
12.3	0.019834229340884413	0.010542473558308063	-0.0937020248123743	0.08183673313296717	0.02363049354227076
12.4	0.03033053708201039	0.021043917061204898	-0.14520963669324277	0.13064915046054168	0.0439269386861304
12.5	0.034679148684940375	0.026461743745801014	-0.1684739183280664	0.15687045102328318	0.05293005367227288
12.6	0.027817450908343422	0.020635601679212856	-0.13498710245879053	0.12636551064445947	0.040596937939557876
12.7	0.015080844657001768	0.00786465679585513	-0.07007150486761841	0.06088010253582182	0.015922800032406093
12.8	0.008466308383440757	0.0009141558155949525	-0.03604763991905098	0.025364537337934964	0.0028522283697425266
12.9	0.014609716047074617	0.007586856536242692	-0.06838151438860585	0.058902579745538405	0.01576813349243178
13.0	0.027396214952950637	0.020943318538229727	-0.13493373105160447	0.12778620548537228	0.041169177343648666
13.1	0.03416110491119362	0.027109839045632134	-0.16877465967744634	0.16059204060812846	0.05336632560829502
13.2	0.028971159183883377	0.020405297054783444	-0.13970656826990036	0.1271133385625148	0.04183046298080373
13.3	0.0181500638295935	0.008300159778376504	-0.08312705957523696	0.0685842529975929	0.019288003628829764
13.4	0.012442647192999923	0.0026249803327538235	-0.05617143424571016	0.04626813736917797	0.007535443107420714
13.5	0.01563117489013799	0.00668880257286153	-0.07624471472357873	0.07352773727774933	0.014149061360010928
13.6	0.022355249294663926	0.013289459123437375	-0.1117132600705985	0.11040125885956598	0.02693342584999381
13.7	0.02586598072052715	0.014952902952254266	-0.12644425178463894	0.11805269919678012	0.03193812124648787
13.8	0.025199715699282255	0.012028624945094823	-0.11843253982076787	0.10097670055792428	0.028336265747478495
13.9	0.023925023556648495	0.00995646819516438	-0.11018454046831361	0.09028778699343527	0.024613963549531048
14.0	0.024004407144903817	0.0111816905791855	-0.11299558619260289	0.09898826375695367	0.02530139729541858
14.1	0.023450832224159335	0.012490435136320976	-0.11428994252928992	0.10857347525535835	0.025771886094580032
14.2	0.02014499960814964	0.010346837558912969	-0.10007503391458238	0.09849042491605224	0.020558465337727205
14.3	0.01591216414918517	0.006179033866967054	-0.07849183801249571	0.07552855568443911	0.012472534435602589
14.4	0.015182874192274709	0.004940001986947884	-0.07298776163113944	0.06612630100683903	0.010473805189716745
14.5	0.01985589272661059	0.009089835107740418	-0.0945214218538998	0.08413529589031682	0.018855817274178288
14.6	0.02663527409275268	0.015395856435082123	-0.12705777030811916	0.1141558063926368	0.031281952426131965
14.7	0.029968124482215197	0.01828016066957705	-0.14275961319415625	0.1280768917182569	0.03715165750210214
14.8	0.027330202751510768	0.01541016461247613	-0.12924540340347765	0.11405356243377938	0.031909513409902446
14.9	0.021373367294240886	0.00962966219232686	-0.10032656847000741	0.08698627370349693	0.020672779726115253
15.0	0.01707677790528428	0.00597567815967448	-0.08110261112995636	0.07214574894540234	0.013079850462936693
15.1	0.017062421261050287	0.006831552511817773	-0.08394776152375703	0.08029514969333043	0.014087457804498604
15.2	0.019682238718543354	0.009954336357838822	-0.09898397590992886	0.09865200426931002	0.01978966975559715
15.3	0.021460335735215885	0.011325838202222216	-0.10720107817944081	0.10562370418910502	0.022780086575368452
15.4	0.021115662541995706	0.009637548869581347	-0.1019874500486197	0.09434095490701117	0.020632202642006936
15.5	0.020833567401014275	0.007763085404941972	-0.09616506900622275	0.08062064574645637	0.018474266373619597
15.6	0.023323029633752324	0.009511961265761815	-0.10613553006664676	0.08557588181677771	0.022846542595139296
15.7	0.02784746336714128	0.014771135964521176	-0.12977661489188236	0.11019039038354042	0.032896184893969505
15.8	0.02993351414229739	0.018769285678486347	-0.1438151952823393	0.13047902104573994	0.0395676437460174
15.9	0.025726394675797626	0.016819501369568668	-0.1266984589939076	0.1213013141581368	0.03451353856545958
16.0	0.016668204261089725	0.009469541154741301	-0.08391727898125764	0.0844161841218808	0.019257841420834088
16.1	0.009310784033304542	0.002793863706328059	-0.04765839651144088	0.049741403428177566	0.005902130085449486
16.2	0.009946477787805441	0.0031264804489422593	-0.04920086582749722	0.04768009728197725	0.007242441286723134
16.3	0.019074735092889372	0.011034729862696713	-0.09107015442409977	0.08148933865462606	0.02438972488397284
16.4	0.03075392563215129	0.0209265960309587	-0.14483442069567576	0.12614813132144082	0.045670211429563956
16.5	0.037053041226822625	0.026164705267785804	-0.1736660088611116	0.150341637009838	0.05707959314808164
16.6	0.03362838289367864	0.023610122265816713	-0.15817434589026305	0.13842179505615196	0.051676439575632394
16.7	0.022517599748257733	0.014751782798133606	-0.10774964987638176	0.09775796002221544	0.032463139342631675
16.8	0.010892524116567381	0.0050232525095281755	-0.054541950377794975	0.053672327443876094	0.011307644836414443
16.9	0.006631815403367103	0.0012993866898648454	-0.03471016200878955	0.03659754096117771	0.0030862932873586546
17.0	0.012871823258629456	0.006869691570774883	-0.06397462505320321	0.062279281329575595	0.014371347979708182
17.1	0.025049940996358155	0.01771166681332237	-0.12189560240234201	0.11446814881156185	0.03608872586342027
17.2	0.03372239052566539	0.024994153753000292	-0.16292071136361813	0.1508483597726248	0.05035305420975833
17.3	0.03226527073118368	0.02243575303583578	-0.15386051153614844	0.1385448369173487	0.0456004855103872
17.4	0.022974174944045078	0.012251441855007483	-0.10621561033459727	0.08915458232388958	0.02639290455486587
17.5	0.014972703851592994	0.003935640965352927	-0.0669270810093979	0.051465299059817185	0.010378461449293552
17.6	0.015167152407333462	0.004907964452176228	-0.07127593685964016	0.06161200915086649	0.011506395463711683
17.7	0.021531349882738526	0.012319707623849152	-0.10696912722798158	0.10367456708703068	0.024825854927918778
17.8	0.026139361260458682	0.01683864237887056	-0.13068901694477467	0.1285036496083159	0.03342795760910455
17.9	0.024417379208383605	0.013701425093431752	-0.11871830643457719	0.11119118146577232	0.028493095853017403
18.0	0.019769983062842944	0.00758379783919616	-0.09178195035910094	0.0784590950390581	0.01780651312045789
18.1	0.0184280687702556	0.006221545509527582	-0.08530130158540959	0.07244832215617066	0.014898469578890294
18.2	0.021437209978585337	0.010496219013781949	-0.10408549210529043	0.09709903990569137	0.021713699250693996
18.3	0.023988897550594968	0.01380281496779312	-0.11925202406175003	0.1157009400343257	0.02730610142725609
18.4	0.022509950246732968	0.011403536926914315	-0.10956366682782094	0.10180599174655341	0.02383536416296783
18.5	0.019733466353742846	0.00694068163502104	-0.091044601105474	0.07556839091055861	0.017270393451830013
18.6	0.02079472133820559	0.007574332413245788	-0.09462802297488053	0.07655879775994597	0.019185302789073932
18.7	0.02558682975581794	0.01382680972680106	-0.12155513411506537	0.10873787720419983	0.029852429842549766
18.8	0.027953754343015058	0.01811100776248442	-0.1374654341399257	0.13167014388992868	0.03621051616021853
18.9	0.023426054956974807	0.014403257383056145	-0.11583601816604121	0.11191604103473905	0.028394725216040695
19.0	0.015655178847319262	0.006263179893421289	-0.07515324306675317	0.06835609184317545	0.013048011116738922
19.1	0.012856673340384761	0.00314625238219024	-0.060035404236397846	0.051374089650243274	0.0072274291445550976
19.2	0.018235528164055492	0.008896387408559359	-0.08812062034646331	0.08114484519133465	0.01794667817018758
19.3	0.02617232325181751	0.016882609666122872	-0.12885404796930836	0.12309047161162702	0.033147561657499325
19.4	0.02881307868682481	0.018322041837074976	-0.14007930711326866	0.13059545370109468	0.03698304040952338
19.5	0.02487450482641973	0.012476126119368103	-0.11634867734145737	0.10016389536808362	0.02759036854821706
19.6	0.02019674648918468	0.006708040597734555	-0.09084973885379138	0.07159147585355372	0.017352833297787362
19.7	0.020134244936973245	0.007322587164109051	-0.0926611541427832	0.07738003092463656	0.01769069238477583
19.8	0.023471418516141873	0.01237172784116436	-0.11388564682497158	0.10621839541137647	0.02583013381176036
19.9	0.024697529800740803	0.015006084203931014	-0.12347914718688281	0.12132757375350839	0.029791036244800728
20.0	0.020983379566539617	0.011879300514826552	-0.10571951889837078	0.1048324005310153	0.023379204068884274
20.1	0.015431014947869248	0.006249940944342058	-0.07678600312695405	0.07433609776162711	0.01246880461996347
20.2	0.013656504418882554	0.003947797570592604	-0.06552538705247404	0.05965712736681803	0.008361396940317345
20.3	0.01828251101358158	0.0076336731168918925	-0.08515953041994466	0.07348878556432976	0.01675809104144632
20.4	0.026781902201586716	0.015011230638392825	-0.12402078848486835	0.10539871379478866	0.03311635155428605
20.5	0.03350476806718794	0.021396189044581182	-0.15633759023455232	0.13423935023073347	0.047105521976357756
20.6	0.03340587043953802	0.022766074435237593	-0.1586768121575271	0.14067073527064272	0.049700564478091236
20.7	0.025326694033998343	0.01752990690627554	-0.12384318542438191	0.11594300737356124	0.0379272226586862
20.8	0.013533124665067287	0.008162941799321421	-0.06932196477817483	0.07078383525017452	0.017796584152312778
20.9	0.005958725078251792	0.0013919662366703722	-0.0319852879064117	0.03600996856037569	0.0037242466738156565
21.0	0.008820854592996863	0.0036998307880363734	-0.04336413634640369	0.04250715952952766	0.008865721563954265
21.1	0.02104685094323322	0.014643923533987246	-0.10051059713340099	0.09119371454142453	0.03144876950781639
21.2	0.03399902065420124	0.026043155743604163	-0.16210423143602126	0.14521435518510412	0.05442602425885634
21.3	0.038054997536541624	0.029003371589564453	-0.18066892079588032	0.15997189102998427	0.06056423210432749
21.4	0.030635126096934973	0.021429251747447586	-0.1437275794540288	0.12440965326845164	0.045865764472443504
21.5	0.018156862532576312	0.00951753548412404	-0.08386965078091273	0.07091817354978827	0.02180325926402138
21.6	0.01014963523700707	0.002412117893380139	-0.048161056283058765	0.043757648673874154	0.006462077459404414
21.7	0.011322570300028034	0.004205147025328149	-0.05781674569712791	0.059311192216606176	0.009023043785957863
21.8	0.018749442458883325	0.011054873824069555	-0.09554624075447421	0.09656524586572014	0.022582087652237348
21.9	0.025750506957187724	0.016101142640499444	-0.12728667861051998	0.12183499959606921	0.03346962048554469
22.0	0.027920291077394466	0.015900997517367843	-0.1331241789948683	0.11946260660133715	0.03428299480213903
22.1	0.025832491937884283	0.012264125662457381	-0.11928239160677964	0.10069320694125854	0.027771111815274696
22.2	0.02293540558733964	0.009316069579816233	-0.10515876322589701	0.08751616782631923	0.021569963981057483
22.3	0.021571370831911962	0.009160783707752085	-0.10193878438765341	0.08995965153017532	0.02000705114016732
22.4	0.021183687403726892	0.010220442257105278	-0.10402917010316669	0.09833331334678946	0.02074210993047576
22.5	0.020125904920129667	0.009782934548283051	-0.10021326823785813	0.09705013692430516	0.019318891481387546
22.6	0.018588274998693533	0.007757790314389057	-0.0907549328913523	0.08514076147485015	0.015806201312721813
22.7	0.01883250615332599	0.007152097756100373	-0.08921575880493897	0.07934826993780181	0.015412050764828544
22.8	0.022055223116994593	0.010176271802129766	-0.10447779256890377	0.09304581787719705	0.021432634964888675
22.9	0.025776312417876368	0.014475699562371713	-0.12449818730357168	0.11498825294831018	0.029041169516189402
23.0	0.025854665056604387	0.01503013228720429	-0.12603478515501076	0.11810826749701785	0.029522440492178115
23.1	0.021619072965041397	0.010387915980205276	-0.10361551050237496	0.09357275179641077	0.02108579997387061
23.2	0.01766332241380797	0.005610373215085507	-0.08153647896827942	0.06778339757606912	0.013057673241082535
23.3	0.018917850565426164	0.00694451145120889	-0.08775699014983454	0.07408540602129061	0.01610897430349023
23.4	0.024256492552925613	0.013539334154683558	-0.11745691325857885	0.10898574915895068	0.027987595535318932
23.5	0.027043079364081235	0.017524709123420412	-0.1341955039787803	0.13058094456184666	0.03463542543680298
23.6	0.02308174034316146	0.013487550380521518	-0.1135567302242283	0.1086188745445343	0.027091795181955702
23.7	0.016473674891979706	0.005752880179061615	-0.0769915472980862	0.06604724965718858	0.013412430971577183
23.8	0.015341687974700702	0.0040995024102779	-0.06947498414298346	0.055194234506571724	0.010915705604724768
23.9	0.021847823783727183	0.011566398059638328	-0.10404984932062213	0.09301875502943227	0.024575841760306916
24.0	0.02887060374702677	0.019855273769028625	-0.14232033858266624	0.13659799487251104	0.039261604743751066
24.1	0.02811459150129203	0.019250605631734308	-0.13865997081899906	0.13331563836159446	0.03799189807116887
24.2	0.020135396817093087	0.010214526772145405	-0.09569876902357898	0.0853469963531534	0.02166533615922639
24.3	0.01397182738710423	0.003106273025577755	-0.062456169958415915	0.047928378421851145	0.008619940343242094
24.4	0.016694620139033334	0.006199985948831865	-0.07694730981373706	0.06356403101160889	0.014050340261516192
24.5	0.025384011930656536	0.01586976908118387	-0.12291530838903807	0.11351698024263777	0.03169177291140235
24.6	0.030703186518137304	0.021548151293185103	-0.15054163803289833	0.14305498966445862	0.04233636735737101
24.7	0.02718738288141509	0.017897031550871634	-0.13230908704889813	0.12435752526913005	0.03569912585370494
24.8	0.01834008698713363	0.009150770298940403	-0.08816724028933805	0.0810075400317216	0.018736804660452133
24.9	0.012093944949018165	0.003358285696936414	-0.05855089227044031	0.05412906603354362	0.006816953275873061
25.0	0.013218279034536318	0.004521915150612732	-0.06468861251067867	0.060352345784203884	0.009196697558029432
25.1	0.020502773755572412	0.010635161531651782	-0.09814557467196026	0.08770256406758535	0.02306087941898549
25.2	0.029143608526512876	0.017518234807459843	-0.1367153727998642	0.1178128634669426	0.0391785193341635
25.3	0.033946858716983774	0.0218829661478257	-0.1589963286165894	0.1374496703716872	0.04883906909498492
25.4	0.03140166011165557	0.02119943936487223	-0.14951934273451062	0.13448055147986676	0.04627697689076038
25.5	0.021797932066091485	0.014464866383499086	-0.10700642227103596	0.10239583785859263	0.030861952013186422
25.6	0.010682813170578176	0.005218673679659336	-0.05490839969576521	0.05678708300656661	0.01112652960758198
25.7	0.006299666459172348	0.0011570207809898925	-0.032875670206174476	0.03436781109728945	0.0028068220225563323
25.8	0.012863071762228784	0.007075322700417774	-0.06332182717332346	0.059945536302121336	0.014953787556512221
25.9	0.025815394174457218	0.01860717186437788	-0.12486012841764867	0.11495648126464059	0.038240445758243036
26.0	0.03514663049078248	0.025831101628482567	-0.16777713943191605	0.15081235709493643	0.053456332351263014
26.1	0.03439718457574881	0.023084144486734348	-0.1608071275783108	0.1383565046117553	0.049971998244221716
26.2	0.02603546050344563	0.013918247664436945	-0.11889019386501787	0.09688787631544096	0.03344602129078078
26.3	0.017742259377978686	0.006568446756673341	-0.08203525210833432	0.06875289013615966	0.01846848774373744
26.4	0.014466105295903642	0.005216114692253249	-0.0726169378859243	0.07186831160787144	0.013882455092360302
26.5	0.015242393277999478	0.007095539347618418	-0.08063995669263006	0.08720350977528826	0.01620989992615396
26.6	0.017025035932497268	0.008049488490708967	-0.08771260140156363	0.09096779104910692	0.0183740222668185
26.7	0.019265444858077907	0.00817583787701337	-0.09300619779683125	0.08570786712329305	0.019913997685062634
26.8	0.023295398099332676	0.010494789076628708	-0.10800101277838157	0.09131509499527297	0.025098079073739954
26.9	0.0283344725554463	0.015297727164798047	-0.13182518912329827	0.11230451021512539	0.033587051925107914
27.0	0.030492449083813877	0.01835513442586645	-0.1442622064051109	0.1272953707895625	0.037932219764776454
27.1	0.026833452425031545	0.015749225798648903	-0.12819574712382992	0.11500998881956659	0.031825953880645796
27.2	0.019518657806364526	0.009075147859792132	-0.09324588919094766	0.08300434474456869	0.018558002777769644
27.3	0.014476777485353698	0.004440606403265046	-0.06950531544012441	0.06220197709098151	0.009412292166675162
27.4	0.015575065288235934	0.005979434552126572	-0.07665420802264535	0.07293280590283682	0.012164900123306732
27.5	0.02074001494861044	0.011283015616484038	-0.10344412765854473	0.10219602943606418	0.022319340150087186
27.6	0.024396289842241292	0.014302204095987925	-0.12074419706962702	0.11810607796500741	0.028544623495922683
27.7	0.023532024820011377	0.01207767061638021	-0.11346496555261086	0.10502756093372041	0.02530449548730551
27.8	0.020714415170178913	0.007826420844990079	-0.0961095844684502	0.08054759300483869	0.018370655747237175
27.9	0.020765462638580034	0.0073469047778648156	-0.09499953180146244	0.07573883047483317	0.01815828592507207
28.0	0.024785814522859217	0.012223145603665553	-0.11661264601466013	0.09971303145630271	0.027166635476418732
28.1	0.028286206260834224	0.017454974733424833	-0.13732459467453634	0.1269938447981912	0.03593759696279497
28.2	0.02593956796927943	0.016710012735291713	-0.1280182478062213	0.12348178364135462	0.033230441897048935
28.3	0.018119613547372015	0.009523198335425032	-0.08889752798383238	0.08550781227704957	0.018877692756860243
28.4	0.011785771474124296	0.002916653205919939	-0.05542250834354497	0.0490420356430515	0.006375947789671321
28.5	0.013830228675231648	0.0047365454468404344	-0.06426552182609763	0.05459213715985692	0.01042124841896619
28.6	0.02341685148565631	0.014583151504432457	-0.112556476997987	0.10212826200176389	0.02955674811764486
28.7	0.0318423646341256	0.02333098751980922	-0.15580200159846164	0.14628601043773182	0.046072563468700034
28.8	0.030929245770948355	0.022434602380610125	-0.15123969007970697	0.1416732404418507	0.04426435748170887
28.9	0.021499552387484133	0.01256689603990191	-0.10269366954670198	0.09159835858802562	0.02551234307538941
29.0	0.012783535131240642	0.0033295512913467107	-0.057963555167482056	0.04603126230509363	0.00765081611902374
29.1	0.0131361130604426	0.0037571347797005217	-0.0601155641098576	0.049456922063590564	0.008107766952146656
29.2	0.02182332378095375	0.012755951456342451	-0.10463316435385225	0.0955929043661231	0.025275537990222086
29.3	0.030296529519060478	0.020953344491003056	-0.14710213828423535	0.13750181308204784	0.04147696544585877
29.4	0.03095083819445943	0.021056202182897166	-0.14964781556093396	0.13817891012356517	0.04253601541160812
29.5	0.02386274517994258	0.014015728614379608	-0.11467190418738862	0.10389491603944519	0.029270182932722766
29.6	0.015405330141266771	0.006329442950077202	-0.07489648649159833	0.06887951553768763	0.013611603974640452
29.7	0.011825560805998614	0.003421736851766166	-0.05926029882092666	0.05786643526575861	0.007128507300242726
29.8	0.0148587329086447	0.005982617943757429	-0.07327290412039832	0.07043454287861428	0.012720419190022647
29.9	0.022111824947226744	0.01152547981586427	-0.1050032326875688	0.09418400603777578	0.02560343552805877
30.0	0.02945922617065877	0.01724399941830812	-0.13759358130059032	0.11866744830929675	0.03859564812194194
30.1	0.03275360158805196	0.02051015483499896	-0.15382037997113576	0.13344491923657517	0.044951828308370745
30.2	0.029429740050069375	0.018794358538078204	-0.14049823652017474	0.12579910270629713	0.0399991790448434
30.3	0.020736192237908124	0.011961242855277776	-0.10075786391866944	0.09378419647354884	0.024889591821711243
30.4	0.012259548232089634	0.004519345730403135	-0.060525852953220896	0.05878712467088988	0.00926032139691968
30.5	0.010222214072741709	0.002762358633298434	-0.05127667794886596	0.05142278261741069	0.005504394785525113
30.6	0.01594565318916219	0.008146241410822097	-0.0799353366976632	0.07890047598288284	0.0163741502801239
30.7	0.02448511670424347	0.015251369649048052	-0.12046007588499348	0.1142198948142337	0.03140295392608772
30.8	0.029534329431134654	0.017761468001216807	-0.14070139103511758	0.1255939791446947	0.03854510611559214
30.9	0.029212753839973793	0.015128953976226822	-0.13422791953284713	0.11165955684242117	0.0358740546519809
31.0	0.026209307458668674	0.011868766288632537	-0.11922085263324785	0.09744487886392193	0.03014847610126925
31.1	0.023063228277841574	0.010868894734928358	-0.10938506558683865	0.09752568393050397	0.026302182416935826
31.2	0.019502554557189966	0.010027478659294098	-0.09849132594046482	0.09787383556426073	0.02204048103470313
31.3	0.015223116481259513	0.006887137554891565	-0.07908637077298086	0.08193299834779318	0.014691750033537843
31.4	0.013131012910601036	0.004068319019654876	-0.06507349885635505	0.06260959577736992	0.00957805415298818
31.5	0.016946471036432653	0.006829733032909013	-0.07978053405493099	0.0703089453903021	0.015496806906125649
31.6	0.025402397767112728	0.015084613672018854	-0.12078943193060818	0.10857583064263897	0.030993637473360147
31.7	0.031460276666422704	0.02131632957735563	-0.15173733076544618	0.13956673943473488	0.04214571129189171
31.8	0.029370256284373064	0.018745284931652284	-0.14052807143553753	0.12658944632205296	0.03761555947375439
31.9	0.021585063749341882	0.00985158434355149	-0.09948921691188274	0.08244495161797483	0.022107541346896187
32.0	0.016373460310074472	0.004331414150012258	-0.07371438827281224	0.05793182754677471	0.01245162031523972
32.1	0.018258717757987264	0.007599049236697408	-0.08776095343726183	0.08016272116811064	0.0181565440911019
32.2	0.022920372642819875	0.014058902057434208	-0.11653812147712042	0.11814628006533967	0.029395388849406956
32.3	0.023077075033409722	0.014594731007044448	-0.1182195319636622	0.1213175300502916	0.030258359926205514
32.4	0.018082236871494906	0.008211743297289575	-0.08852744850146008	0.08369620138204426	0.01916596871410503
32.5	0.01509383826198818	0.003567567021030227	-0.06772355714155155	0.052717962686982235	0.011465352539297147
32.6	0.020120572388473867	0.00848438282848396	-0.09066039529983626	0.07124224446643794	0.020899579828942638
32.7	0.029875249719830466	0.01963235416665743	-0.14126884545546894	0.12438082247130754	0.04101970221988305
32.8	0.034477317732956037	0.02592678279670535	-0.16709329181134513	0.15519493517654498	0.05176737908357909
32.9	0.02808392950160843	0.020855053599664775	-0.1368140942770741	0.1287256052630747	0.04141389399369111
33.0	0.015452245655389607	0.008981045871926163	-0.07474919197919008	0.06932096890653283	0.01805843547680941
33.1	0.007462956667730447	0.0013565069715398836	-0.03613902205351703	0.03288928162011539	0.002769432011652362
33.2	0.010799448452840754	0.004693844230130861	-0.05340864231859093	0.05033111336375394	0.009383017403534866
33.3	0.02228116968503535	0.015194222523770451	-0.10909381132156944	0.10236236889989823	0.0307884741133434
33.4	0.03243860566116452	0.02346264843886736	-0.1563268834402805	0.14351765135124117	0.04813097436751612
33.5	0.03382980563677074	0.023386734709405776	-0.1605462967561846	0.14355690414757616	0.048775192338785245
33.6	0.026506335036739048	0.015887789200197622	-0.12421507603606781	0.10810220438040512	0.03390350108644202
33.7	0.01693446255484765	0.007020591269659371	-0.07929977504755073	0.06818090805161897	0.015406764328803502
33.8	0.012335005267148147	0.0031958734359587293	-0.0595333519578762	0.05366927926270826	0.006749637650866447
33.9	0.015269870963459331	0.006326612274132115	-0.07550792091139856	0.07171197636194773	0.012494662092972786
34.0	0.02238516770819088	0.012744888516639574	-0.1099032276370198	0.10414160311264015	0.025450442149115182
34.1	0.02777384697250629	0.01692143218867881	-0.13437410277860054	0.12448544218796172	0.0343631324714998
34.2	0.027822562798839656	0.016102407178944178	-0.1328591103190395	0.11997947938720299	0.03334035533111468
34.3	0.0234728156118289	0.011768205065088133	-0.11147460266975527	0.0992073395752726	0.0247440558905071
34.4	0.01853259406267871	0.007502673539967475	-0.08885266802753113	0.08021761806087048	0.015557433994525804
34.5	0.016341617413166643	0.005879970681805791	-0.07961747460084423	0.07404979808822304	0.011632343071876106
34.6	0.01787585624720256	0.007210169462980698	-0.0867979111448183	0.08038215013875172	0.01444246863256704
34.7	0.02197058762895776	0.010397071585772855	-0.10486127691040668	0.09407249121769634	0.02173083800149367
34.8	0.026274424787452455	0.01388346370505189	-0.12422001128665776	0.10938397529089396	0.029451692504965155
34.9	0.02814374177503076	0.015772725234436957	-0.13347462835965432	0.11831753643686611	0.03315098531492666
35.0	0.025967315044976513	0.01445357172337125	-0.12447253313270906	0.11272248608033791	0.029893585720235483
35.1	0.020677028849710677	0.01026573757749516	-0.10053904320868223	0.0935334513049215	0.02094093685791698
35.2	0.015679434824136917	0.006090108894012292	-0.07758314919412865	0.07446683299118219	0.012222496678073291
35.3	0.014383616854612757	0.00508051245050678	-0.07192572188189156	0.07039090843233484	0.010074742324752806
35.4	0.017463185201422315	0.007635285080162091	-0.08608982785353252	0.0823191306619398	0.015601307863758018
35.5	0.022717890361791393	0.011429774695693062	-0.10879643358833722	0.09853541386308648	0.024491929836945814
35.6	0.027311750520885636	0.0143091445723178	-0.1276057448555877	0.10969866810826966	0.03202427899123905
35.7	0.029445544675851032	0.015830700177393853	-0.1367428966825348	0.11579127609001692	0.03592587614216203
35.8	0.028141590477664402	0.015730690508653278	-0.13290323062961062	0.11651377367727563	0.034740072051007154
35.9	0.02313439977644771	0.01286024804186181	-0.11258895525879781	0.10474354950702972	0.027066429147783677
36.0	0.016303151654748715	0.007497275289650052	-0.08139252450426163	0.07927173695335984	0.015100112434916602
36.1	0.012188800710972059	0.0035991487956610335	-0.060711546748624945	0.05880359975860272	0.007189402013034418
36.2	0.014656979667033387	0.005746224839475178	-0.07186964431532777	0.06791166590318877	0.011606530250761082
36.3	0.02216378389333673	0.012940153531491028	-0.10889265126572027	0.10387191991617567	0.025590833283223535
36.4	0.0280344346652327	0.018051056338378446	-0.1371598563931557	0.13020576428754438	0.03573982298747569
36.5	0.027277999028824995	0.01550887446227811	-0.12978245923360116	0.1165463790833599	0.03262340980698952
36.6	0.0224784464008565	0.008547860894175585	-0.10128190278145863	0.07973781785512263	0.022269360907440805
36.7	0.020752967633623887	0.0063231906661617154	-0.09196085755350565	0.06821608250872271	0.02003849687062431
36.8	0.024497322583171055	0.012354815487507276	-0.11603955963609497	0.10089582164830745	0.031008658851628623
36.9	0.027553857499891143	0.01904201524460003	-0.13882255909802957	0.13732010731611882	0.041481569069378055
37.0	0.022743051994147168	0.016852117985557524	-0.11798269868170425	0.12400244956075157	0.035408599789512274
37.1	0.012150551024936673	0.006710966336913038	-0.06191578146256616	0.06440011486634271	0.015413753448858869
37.2	0.006786759446428814	0.0007001204272296668	-0.029734337686349636	0.022991531126904653	0.0040988611567895905
37.3	0.014581901185625967	0.008557637747354296	-0.06588503864328624	0.0522324206412345	0.01934252214574872
37.4	0.030411550437198676	0.024863269901351903	-0.145028910254647	0.12875799499766236	0.05024118418756485
37.5	0.04028656328076774	0.034523651641433895	-0.19431233074148133	0.1766726577213249	0.06887719388333557
37.6	0.03543309320727761	0.029060666716862027	-0.16898866517323294	0.15051030750026145	0.05969561395542056
37.7	0.02069791698042367	0.01406057871583466	-0.09592028459360397	0.08075412083610911	0.031542848465981765
37.8	0.008795385835464797	0.002627137123836998	-0.04057954903500945	0.03445967668969392	0.008417642363124811
37.9	0.007902979630185492	0.002415539653699561	-0.04124509490108802	0.04428335021130468	0.006748858700613591
38.0	0.015888155039083807	0.009705405542571377	-0.08238275130085113	0.0863719767538752	0.021137125488570052
38.1	0.025035195166827617	0.016180272491963854	-0.12392167986150388	0.11902420137517764	0.03544212741643671
38.2	0.029747262495138704	0.017846152153718653	-0.14163572420710863	0.12552392846539476	0.040340441604112764
38.3	0.02926043251650301	0.01597986752893521	-0.13658965538888987	0.11589338321465507	0.03657061203468237
38.4	0.025424474581425716	0.012768158320836553	-0.11914673030017844	0.10229690772071512	0.02834870497257458
38.5	0.020457862077779665	0.009132165285632876	-0.09761107947643675	0.08762369764347308	0.019093734867710266
38.6	0.016727041166582524	0.006191544779802327	-0.08091054947077445	0.07505865864809955	0.012301865531110456
38.7	0.01642488121523522	0.0059563228740232566	-0.07960492615295846	0.07401472363231111	0.011833775683389613
38.8	0.01983747309670869	0.009122886891761661	-0.09625358066432918	0.08910922977936522	0.01830381762464317
38.9	0.024342667207610358	0.013303992343866367	-0.11833043974831639	0.10944185775465332	0.026661341722535647
39.0	0.02631666579910985	0.014917158460449165	-0.12754185592785708	0.11713295020099224	0.03003546228772691
39.1	0.024406408532829715	0.012765185671383072	-0.11733452365193356	0.10628871196308484	0.026044080569844197
39.2	0.020589847427328167	0.009036173932071456	-0.09833425300072929	0.08843047573817313	0.018585423957807157
39.3	0.0180292289756232	0.006820586018681851	-0.08640538112060536	0.0787389986682255	0.013720696493840112
39.4	0.01834456890904368	0.0072829361317405805	-0.08849939656005082	0.08162615950242313	0.014381895107269171
39.5	0.020956709259232986	0.009461893245868325	-0.1006586325182838	0.09142575200243473	0.019206272095054544
39.6	0.024208994640573023	0.011958007485168731	-0.11513880939905287	0.10201202065825188	0.02510788327106206
39.7	0.026376302614496305	0.013812006505302676	-0.12511039139272528	0.11029655083227276	0.029280295403157686
39.8	0.02602339427279432	0.014058371669035008	-0.12452365670694983	0.11224297185373229	0.029344102251993798
39.9	0.022669746721612816	0.011851608192367746	-0.11018438440675934	0.102827144397929	0.024072722829864057
40.0	0.017843480865287087	0.007886287647096646	-0.08781766939268759	0.08396473877920012	0.015618337061966803
40.1	0.014912060662118476	0.00504913685391617	-0.07304932037203533	0.06902708695005366	0.01006276040355536
40.2	0.01667446979076459	0.006333519650643438	-0.080274381883665	0.07322828907543662	0.013083101161682431
40.3	0.022471442007872988	0.011535014683227929	-0.10751452601407699	0.09703597629709221	0.023705683970316027
40.4	0.027997436677208	0.016647718357409302	-0.134164352958797	0.12158194490008042	0.033751678032922006
40.5	0.02875367461868894	0.01723981979835998	-0.13766827254454286	0.12441227290430601	0.03478384351344377
40.6	0.024218439346577858	0.012637010496955536	-0.11492494650125182	0.10176690896036106	0.02580124740868006
40.7	0.018564232601820607	0.006948912793760642	-0.08682391154856767	0.07447915036524555	0.014804435099421975
40.8	0.016811776358056196	0.005491038588945507	-0.07918850426614542	0.0691672174920208	0.01195178344651282
40.9	0.019904287798902076	0.009363014526590385	-0.09710731002555617	0.09120048242370946	0.019187946991248372
41.0	0.023705128538510034	0.013997137034662321	-0.1187120255440996	0.11685297476451179	0.027757010512675317
41.1	0.02338804703837849	0.013842801213552525	-0.11748440939521335	0.1160595631497718	0.02753266528471887
41.2	0.019043883251029015	0.008543014826564943	-0.09255078576910183	0.08589336353492402	0.01835094189730191
41.3	0.016300920521961748	0.004322644375104434	-0.07379134702474247	0.0587606730746378	0.011979876840154668
41.4	0.02035552772840621	0.007909595817760184	-0.09107983505577638	0.07062456372523734	0.020308548800277326
41.5	0.029215786800403154	0.01815529399459581	-0.1369435969166112	0.11840989751197156	0.03986877586601778
41.6	0.03410046141139644	0.02573377300009494	-0.16602505936458575	0.15514136722021687	0.05284391740444594
41.7	0.0280612664298745	0.022419977936436575	-0.1397196686407296	0.1362100218999067	0.04483032089539196
41.8	0.014351510006211377	0.010154927252435164	-0.07200265123184456	0.0711797397032875	0.020198726862371674
41.9	0.004840233318807896	0.0008047313573225079	-0.023257572050801128	0.02101864636280537	0.00176849562813286
42.0	0.008807214736768265	0.004665169155321669	-0.04186556488991563	0.03687244133163757	0.009579837871369512
42.1	0.023422110192661716	0.018643022147281307	-0.11358513095485015	0.10495907095645449	0.03738578246728841
42.2	0.03623048170650911	0.029498952606123563	-0.17468936983087183	0.16023146400988866	0.05975637157289415
42.3	0.03718490814621633	0.028007605476358832	-0.17562817214148999	0.1548246809533607	0.05927250372255177
42.4	0.02746380960702799	0.016958277813302503	-0.12605532871933567	0.10433398095268924	0.039775593114993124
42.5	0.016439225652095546	0.006558850659729498	-0.07561101907162505	0.06243478030743316	0.019143700120514362
42.6	0.011620294244162666	0.0035318236007123582	-0.059235069273455655	0.05946751227100725	0.011244593917443368
42.7	0.013150002156843144	0.005888357140747202	-0.071103215540234	0.07872997766854235	0.014633172049643317
42.8	0.017220822698783333	0.008463679603435081	-0.08832033153656968	0.09076776517027138	0.020509286985924358
42.9	0.021753016292213934	0.010166102461232618	-0.10352329452585064	0.09297536876333322	0.025712706669450358
43.0	0.026750775803047633	0.013339212952984236	-0.12333386741895352	0.10300460454605403	0.032481538613814864
43.1	0.030679334844511907	0.01768208132986626	-0.14334013695853035	0.12255139941382433	0.03921143609578659
43.2	0.029931828132122584	0.018667665848833725	-0.1430604258692496	0.1279240897158378	0.03862911975320449
43.3	0.023306582594545322	0.013454907578062336	-0.11253574776701365	0.10279326595110722	0.02706087261554113
43.4	0.015249161855261595	0.005939300031098882	-0.07319410103208372	0.06648965041198836	0.012057574740933608
43.5	0.01236728486977412	0.003329593976438061	-0.0597850137822792	0.05551070468026907	0.0068120010256298436
43.6	0.016637822930678503	0.007797734763836606	-0.08252277724973528	0.08015262649744023	0.015411377019522443
43.7	0.02349976797340947	0.014065221084418211	-0.11659287099959625	0.11277398581586016	0.02806100635647968
43.8	0.027033209604873765	0.01601155723182257	-0.1313502438621512	0.12190834557013522	0.033097592178427004
43.9	0.025754668011029325	0.013181207481212098	-0.12166730848117717	0.10668992972494272	0.028697931082015682
44.0	0.022600324372284097	0.009670973919236103	-0.10538877610040089	0.08993733355531779	0.021510869308187464
44.1	0.020573936362293432	0.008397298098527517	-0.09749946233078295	0.08604322354713975	0.017501381033258823
44.2	0.020195740190775968	0.008670705368093001	-0.0974756052929918	0.08912324106125576	0.017062550996023496
44.3	0.020830485209146987	0.009127245478623425	-0.1001759729349947	0.09104317605299563	0.01840425544219515
44.4	0.022250180402075603	0.01017743606821675	-0.10614025010444955	0.09537287239927969	0.021292691119608187
44.5	0.023771346156515105	0.012091642926667867	-0.11455860780542318	0.10547328486359496	0.02492559999658528
44.6	0.023448824536070223	0.012748935019545216	-0.11526409965502946	0.11007040035143839	0.025362063155316084
44.7	0.020255693304139122	0.010000963573104316	-0.10008899886337791	0.09585533276558657	0.01974351523290163
44.8	0.016793434135645602	0.005942928115550861	-0.08067971376434746	0.07253515927402586	0.012719976020377555
44.9	0.01755384807751381	0.005985440823137789	-0.08183807981524688	0.0691862753085145	0.013817672503772638
45.0	0.02331881609321529	0.011973791820124147	-0.11042756646351592	0.09760837478742547	0.02528189928489566
45.1	0.028769482870408813	0.018324745782554275	-0.13949731314850555	0.12994769005432621	0.03645425112006828
45.2	0.027719303368536008	0.017751241302525256	-0.1351010217268705	0.12696362978364112	0.03482859250803694
45.3	0.02063315340707106	0.010146844503362118	-0.0981422093818437	0.08718506004006742	0.020897408267973594
45.4	0.015004580840664472	0.0037992801653045083	-0.06825760949706221	0.054038237778353294	0.009674215431630273
45.5	0.01715707011953138	0.00631204049876144	-0.07993562232198759	0.0670020664625141	0.014736642043192028
45.6	0.024729082899110022	0.015214889799582965	-0.12113147136622386	0.11384817578102745	0.03115831256767465
45.7	0.02891811641379316	0.020577528246362053	-0.14469050507817446	0.14234163271299347	0.04065321690046686
45.8	0.02428710617905927	0.016255935023752777	-0.12104886137911192	0.11880778426793166	0.032187009942573175
45.9	0.015103853979894777	0.006525001449715018	-0.07230553537240565	0.06599428141671526	0.013699591593975935
46.0	0.011134006493142334	0.0019532863727510508	-0.04976718383879488	0.03858711010428079	0.005171108782663136
46.1	0.01750659726193604	0.008342130999537622	-0.08048060493257919	0.06582370089067316	0.017910363671621354
46.2	0.02932420999966845	0.02040551370811239	-0.1395602255942659	0.1230135566380071	0.04165263943562436
46.3	0.03621122714383196	0.027546260995801708	-0.1744098426775366	0.1577154092576019	0.05586834475441804
46.4	0.03189296820083798	0.023941832746717573	-0.1538186322966434	0.13976369536459735	0.04914372590775973
46.5	0.019632946497756376	0.012781781739554132	-0.09463948564554389	0.08642999336683568	0.027074603096459815
46.6	0.009019670180782091	0.0031131440915649344	-0.04448500789982945	0.04335828972116766	0.007290208333536885
46.7	0.007668698107040073	0.0021205544178759528	-0.03985218701598652	0.04300320181361488	0.004917679346085668
46.8	0.015432750684231333	0.009030682085133135	-0.07808634034124096	0.07898410227283821	0.019275539722920843
46.9	0.025737009165996638	0.01690049389775128	-0.12565056091266608	0.11731248264988205	0.036742976264275806
47.0	0.03187133828923627	0.019895105593600526	-0.15075282941169119	0.13063328988014755	0.0453312611079808
47.1	0.03185871639107385	0.017848566829946066	-0.14716234368147865	0.12033684570430117	0.04336260569565775
47.2	0.027869794468242337	0.014254735863691081	-0.12868111591924639	0.10571429650403673	0.0361429134431247
47.3	0.022414813359724395	0.011247714296672262	-0.10725800197688294	0.09682733118516496	0.02788988546583593
47.4	0.01658307592819297	0.008073274602877767	-0.08415529074032584	0.0861484786409883	0.018954859547847702
47.5	0.011858605239243758	0.004513085737112843	-0.06255148456059992	0.06835132169230321	0.010674330800269916
47.6	0.011485828895985262	0.0035938498547257725	-0.058091614103046606	0.05810522796492851	0.009205188822636545
47.7	0.017730920047258958	0.008640657467293922	-0.08509387157553776	0.07596124077686033	0.019824455449350298
47.8	0.027704760319408717	0.017739464792612014	-0.13208957976137278	0.11679534567113216	0.037442726023895645
47.9	0.03400146408202276	0.02365066080831224	-0.16243150973744946	0.14512094946811502	0.04820043277867159
48.0	0.0312973283892799	0.020795770647114353	-0.14850219289908828	0.13127860067600836	0.042487295823840476
48.1	0.022053566058689134	0.011519496447483402	-0.10274455563987436	0.08729493175057879	0.024758435610053753
48.2	0.014362626370235554	0.004232362707684123	-0.06669005000515488	0.0560616761177838	0.010300334749008377
48.3	0.013905693015936693	0.004643655757447962	-0.06818764967622158	0.0643131416607582	0.010207676408828137
48.4	0.01897622189878878	0.010072976443242787	-0.09586400789541291	0.09585132794066908	0.020227221656710537
48.5	0.023644738125648157	0.013788700684354782	-0.1179072034736345	0.11530178427413194	0.02793644459767508
48.6	0.02444911969310759	0.012916076389732911	-0.11832785136773567	0.10913641412172558	0.027256608735563126
48.7	0.022781393992245325	0.010131901595115789	-0.1074766727596094	0.09368491505704973	0.02210595803910209
48.8	0.02160623675265061	0.008911165616574679	-0.10165695046080013	0.08783629365442942	0.018858283237024653
48.9	0.021897319785681657	0.009557881153788639	-0.10408020822998879	0.09190778429787452	0.0192669646045599
49.0	0.02278020655459778	0.01048473933905858	-0.10858296812564355	0.09661542529895112	0.021275093838811654
49.1	0.023425129319916804	0.011151080564588134	-0.1117808541746912	0.09991967712100559	0.02323707641080519
49.2	0.02332074813668017	0.011731339539787444	-0.11284924241018589	0.10402231660678772	0.024269050285717464
49.3	0.02164475131412369	0.011161842690388224	-0.10697107585580325	0.10283686524262446	0.02235060266008737
49.4	0.018397582150926572	0.008316496656463501	-0.0911831284766548	0.08808013600812799	0.0166106926581433
49.5	0.016203149664091754	0.005355738937358745	-0.07741719980116907	0.06937913919905327	0.012004457827997195
49.6	0.018702668147746238	0.00700743951636118	-0.0867042383878892	0.07257821781847551	0.016688882163714003
49.7	0.02559706175198495	0.014312236126879041	-0.12118713153379143	0.10642280817780929	0.03092057339795773
49.8	0.03070381658801069	0.020998292689036857	-0.14971646503297167	0.13990795492100866	0.04240785302045058
49.9	0.027621106716853916	0.019308730664467477	-0.13638202961653687	0.13067053406630166	0.03795302663568689
50.0	0.0178215311201807	0.009555173945589912	-0.08602055703738974	0.07880943357932683	0.019303752783058625
